-3.11,-0.982,4.995
-3.256,-0.978,4.999
-3.403,-0.974,4.996
-3.552,-0.968,4.997
-3.704,-0.963,5.016
-3.857,-0.956,4.997
-4.013,-0.95,4.999
-4.171,-0.942,4.997
-4.33,-0.933,4.998
-4.492,-0.924,4.998
-4.655,-0.914,4.998
-4.821,-0.904,4.995
-4.987,-0.893,4.998
-5.157,-0.882,4.998
-5.329,-0.869,4.999
-5.502,-0.856,4.998
-5.678,-0.844,4.998
-5.856,-0.831,5.001
-6.035,-0.817,4.998
-6.217,-0.802,4.998
-6.4,-0.788,5.001
-6.586,-0.772,4.999
-6.774,-0.756,4.999
-6.964,-0.739,4.997
-7.154,-0.722,4.998
-7.347,-0.706,4.996
-7.542,-0.687,4.995
-7.739,-0.669,4.998
-7.937,-0.651,4.998
-8.137,-0.631,4.999
-8.338,-0.611,4.994
-8.541,-0.59,5
-8.746,-0.568,4.998
-8.951,-0.546,5.01
-9.157,-0.524,4.997
-9.364,-0.501,4.996
-9.573,-0.477,4.997
-9.781,-0.452,4.996
-9.992,-0.427,4.997
-10.202,-0.401,4.997
-10.413,-0.374,4.997
-10.625,-0.346,4.999
-10.836,-0.318,5.003
-11.048,-0.289,4.997
-11.259,-0.259,4.992
-11.472,-0.229,4.998
-11.683,-0.196,4.998
-11.895,-0.164,4.998
-12.107,-0.13,4.996
-12.317,-0.096,4.998
-12.527,-0.061,4.995
-12.737,-0.025,5.009
-12.946,0.012,4.997
-13.154,0.05,4.994
-13.36,0.089,4.998
-13.565,0.129,4.997
-13.769,0.17,4.996
-13.97,0.212,4.999
-14.171,0.256,5.001
-14.368,0.301,4.995
-14.564,0.346,4.993
-14.757,0.393,4.998
-14.948,0.442,4.997
-15.135,0.492,4.998
-15.32,0.544,4.994
-15.5,0.597,4.998
-15.678,0.652,4.996
-15.852,0.709,4.997
-16.023,0.768,5.001
-16.189,0.829,4.993
-16.351,0.892,4.998
-16.508,0.956,4.999
-16.661,1.023,4.998
-16.81,1.092,4.996
-16.955,1.164,4.997
-17.094,1.237,4.997
-17.229,1.313,5
-17.358,1.391,4.997
-17.484,1.472,4.998
-17.604,1.554,4.999
-17.719,1.64,4.991
-17.828,1.727,4.998
-17.933,1.817,4.997
-18.031,1.91,4.997
-18.124,2.004,4.998
-18.211,2.102,4.999
-18.293,2.201,4.997
-18.368,2.304,4.999
-18.438,2.408,4.997
-18.501,2.515,4.995
-18.558,2.625,4.998
-18.609,2.737,4.998
-18.653,2.851,4.997
-18.69,2.968,4.998
-18.721,3.087,4.998
-18.743,3.21,4.997
-18.76,3.334,4.999
-18.769,3.46,4.999
-18.771,3.59,4.975
-18.766,3.722,4.997
-18.752,3.857,4.995
-18.732,3.994,4.999
-18.704,4.135,4.997
-18.669,4.278,4.996
-18.626,4.424,4.993
-18.575,4.572,4.997
-18.518,4.724,4.987
-18.453,4.878,5.002
-18.38,5.034,4.998
-18.301,5.193,4.997
-18.215,5.354,4.999
-18.121,5.519,5.002
-18.02,5.685,4.998
-17.912,5.854,4.996
-17.798,6.025,4.994
-17.677,6.198,4.997
-17.548,6.374,4.995
-17.413,6.552,4.997
-17.272,6.732,4.999
-17.123,6.916,4.998
-16.969,7.1,4.992
-16.808,7.286,4.997
-16.641,7.474,4.998
-16.468,7.664,4.998
-16.289,7.856,4.999
-16.105,8.05,5.001
-15.915,8.245,4.998
-15.718,8.441,4.997
-15.517,8.638,4.997
-15.31,8.837,5.007
-15.098,9.036,4.997
-14.881,9.237,4.997
-14.658,9.438,4.999
-14.432,9.642,5
-14.201,9.845,4.997
-13.965,10.049,4.997
-13.725,10.254,5.015
-13.482,10.459,4.998
-13.234,10.665,5
-12.983,10.872,4.997
-12.729,11.078,4.997
-12.47,11.286,4.997
-12.209,11.493,4.995
-11.945,11.703,4.996
-11.678,11.911,5.001
-11.409,12.121,5.006
-11.136,12.33,4.998
-10.863,12.541,4.999
-10.585,12.752,4.997
-10.307,12.963,4.997
-10.027,13.175,4.998
-9.746,13.387,4.997
-9.463,13.6,4.998
-9.179,13.813,4.997
-8.895,14.028,4.994
-8.61,14.242,4.998
-8.325,14.456,4.998
-8.039,14.671,4.998
-7.754,14.887,5.003
-7.47,15.103,4.995
-7.187,15.319,4.997
-6.904,15.534,4.998
-6.622,15.751,4.998
-6.343,15.968,4.997
-6.065,16.186,4.998
-5.789,16.402,4.994
-5.516,16.619,4.997
-5.246,16.836,4.995
-4.978,17.052,4.997
-4.713,17.268,4.998
-4.452,17.485,4.997
-4.195,17.701,4.999
-3.94,17.916,4.998
-3.689,18.131,4.998
-3.442,18.346,5.002
-3.199,18.561,4.998
-2.961,18.776,4.996
-2.727,18.99,4.996
-2.496,19.204,4.997
-2.27,19.419,4.998
-2.049,19.633,4.996
-1.832,19.847,4.996
-1.62,20.063,4.998
-1.414,20.278,4.992
-1.213,20.492,4.997
-1.016,20.708,4.997
-0.825,20.924,4.998
-0.638,21.142,5.004
-0.458,21.359,4.996
-0.284,21.577,4.998
-0.113,21.796,4.997
0.051,22.017,4.998
0.208,22.238,5.006
0.36,22.461,4.996
0.507,22.684,4.997
0.647,22.909,4.997
0.782,23.135,5.001
0.909,23.362,4.998
1.032,23.59,4.995
1.148,23.821,4.997
1.257,24.052,4.994
1.36,24.285,4.995
1.456,24.52,4.996
1.547,24.756,4.999
1.631,24.993,4.996
1.708,25.233,4.994
1.779,25.474,4.998
1.843,25.717,4.998
1.901,25.962,4.996
1.953,26.209,4.998
1.998,26.458,4.998
2.037,26.709,4.999
2.07,26.961,5.002
2.096,27.216,4.998
2.116,27.473,4.999
2.13,27.731,4.997
2.137,27.992,4.995
2.137,28.255,4.999
2.131,28.519,4.998
2.119,28.786,4.997
2.101,29.053,4.997
2.075,29.324,5.003
2.044,29.596,4.998
2.006,29.87,4.991
1.963,30.145,4.998
1.913,30.423,4.997
1.858,30.704,4.996
1.795,30.986,4.997
1.727,31.27,4.996
1.653,31.556,4.998
1.574,31.844,4.996
1.489,32.136,4.997
1.398,32.429,4.997
1.301,32.725,4.997
1.2,33.024,4.996
1.093,33.324,4.997
0.981,33.629,4.999
0.865,33.936,4.997
0.742,34.245,4.997
0.616,34.558,4.996
0.485,34.874,4.997
0.349,35.195,4.999
0.209,35.517,4.997
0.064,35.843,4.997
-0.085,36.174,4.998
-0.239,36.506,4.998
-0.396,36.844,4.996
-0.558,37.183,4.998
-0.724,37.528,4.999
-0.895,37.875,4.997
-1.07,38.227,4.997
-1.248,38.582,4.998
-1.43,38.941,5
-1.617,39.304,4.998
-1.807,39.669,4.997
-2.001,40.039,4.998
-2.2,40.412,4.999
-2.402,40.789,4.999
-2.607,41.169,4.997
-2.817,41.553,4.993
-3.031,41.94,4.998
-3.248,42.331,4.998
-3.469,42.725,4.997
-3.693,43.123,4.998
-3.921,43.524,4.997
-4.153,43.928,4.996
-4.388,44.336,4.998
-4.626,44.748,4.996
-4.868,45.162,4.985
-5.114,45.58,4.997
-5.362,46.001,4.993
-5.613,46.427,4.996
-5.868,46.855,4.998
-6.125,47.286,4.998
-6.385,47.72,4.996
-6.648,48.159,4.999
-6.913,48.599,4.995
-7.181,49.043,4.986
-7.451,49.49,4.997
-7.724,49.94,4.998
-7.998,50.394,4.996
-8.275,50.85,4.999
-8.553,51.309,4.998
-8.833,51.771,4.998
-9.114,52.236,4.991
-9.397,52.704,4.998
-9.681,53.176,4.985
-9.966,53.649,4.997
-10.252,54.125,4.996
-10.539,54.605,4.998
-10.825,55.086,4.999
-11.113,55.57,4.998
-11.401,56.058,4.999
-11.689,56.547,4.998
-11.976,57.038,4.995
-12.263,57.532,4.997
-12.551,58.029,4.998
-12.838,58.526,5.003
-13.123,59.027,4.998
-13.41,59.529,4.999
-13.694,60.033,4.999
-13.979,60.539,4.997
-14.263,61.046,4.997
-14.547,61.554,4.995
-14.829,62.064,4.998
-15.11,62.577,4.997
-15.391,63.089,5.004
-15.671,63.602,4.998
-15.951,64.118,4.997
-16.229,64.633,4.999
-16.508,65.151,4.997
-16.785,65.668,4.993
-17.061,66.186,4.998
-17.338,66.705,4.998
-17.613,67.224,4.997
-17.888,67.743,5.015
-18.162,68.262,4.997
-18.436,68.782,4.998
-18.709,69.301,4.998
-18.981,69.819,4.998
-19.252,70.339,4.998
-19.522,70.858,4.998
-19.792,71.375,4.999
-20.06,71.894,4.997
-20.327,72.412,5.002
-20.593,72.928,4.998
-20.857,73.445,4.997
-21.12,73.961,4.998
-21.381,74.477,4.998
-21.641,74.992,4.998
-21.899,75.505,4.998
-22.155,76.02,4.999
-22.408,76.533,4.998
-22.66,77.045,5.001
-22.909,77.557,4.998
-23.156,78.069,4.999
-23.4,78.578,4.997
-23.642,79.088,5.002
-23.881,79.598,4.998
-24.117,80.107,4.995
-24.351,80.614,4.999
-24.583,81.121,4.998
-24.811,81.627,4.998
-25.036,82.134,4.998
-25.259,82.639,4.986
-25.48,83.143,4.998
-25.696,83.646,4.998
-25.911,84.149,4.997
-26.122,84.65,4.997
-26.33,85.151,4.996
-26.536,85.651,5.001
-26.74,86.15,4.998
-26.94,86.647,4.997
-27.137,87.143,4.991
-27.333,87.638,4.998
-27.526,88.132,4.998
-27.715,88.623,4.999
-27.903,89.113,4.999
-28.088,89.602,4.998
-28.27,90.088,4.997
-28.45,90.573,4.998
-28.627,91.056,4.998
-28.802,91.536,5.007
-28.975,92.015,4.998
-29.145,92.491,4.996
-29.313,92.965,4.999
-29.478,93.437,4.998
-29.64,93.907,4.996
-29.801,94.374,4.997
-29.959,94.84,4.999
-30.114,95.303,5
-30.268,95.764,4.984
-30.419,96.223,4.999
-30.567,96.68,4.994
-30.714,97.134,4.999
-30.859,97.586,4.993
-31,98.037,4.998
-31.14,98.486,4.997
-31.278,98.932,4.995
-31.415,99.377,4.997
-31.548,99.82,5.006
-31.68,100.261,4.999
-31.809,100.701,4.996
-31.938,101.139,4.997
-32.063,101.576,4.998
-32.187,102.011,4.997
-32.31,102.445,4.997
-32.43,102.877,4.999
-32.548,103.309,4.996
-32.665,103.739,4.999
-32.781,104.168,4.997
-32.894,104.596,4.996
-33.006,105.023,4.998
-33.117,105.448,4.997
-33.226,105.873,4.997
-33.334,106.298,4.998
-33.44,106.721,4.994
-33.547,107.143,4.998
-33.65,107.565,4.997
-33.754,107.985,4.996
-33.857,108.405,5.002
-33.958,108.825,4.997
-34.059,109.243,4.998
-34.16,109.661,4.997
-34.259,110.08,4.998
-34.357,110.497,4.997
-34.455,110.914,4.997
-34.551,111.331,4.998
-34.648,111.746,4.999
-34.744,112.163,4.981
-34.839,112.578,4.998
-34.934,112.994,5
-35.028,113.41,4.998
-35.122,113.826,4.998
-35.215,114.241,4.998
-35.308,114.657,4.999
-35.402,115.073,4.999
-35.494,115.49,4.997
-35.586,115.905,5.001
-35.679,116.322,5.002
-35.771,116.738,4.995
-35.863,117.155,4.997
-35.955,117.572,5.001
-36.047,117.988,4.998
-36.139,118.406,4.998
-36.231,118.825,4.998
-36.324,119.243,4.998
-36.416,119.662,5.001
-36.508,120.082,4.997
-36.6,120.502,4.99
-36.692,120.923,4.999
-36.785,121.344,4.998
-36.878,121.767,4.998
-36.971,122.19,4.997
-37.065,122.613,5.002
-37.159,123.038,4.996
-37.252,123.464,4.998
-37.347,123.89,4.996
-37.442,124.317,5
-37.538,124.744,4.999
-37.634,125.174,4.998
-37.731,125.603,4.999
-37.828,126.034,4.997
-37.927,126.466,4.995
-38.026,126.897,4.996
-38.126,127.331,4.997
-38.227,127.766,4.997
-38.33,128.201,4.998
-38.433,128.637,4.996
-38.538,129.074,4.998
-38.643,129.511,4.998
-38.75,129.95,5.001
-38.858,130.389,4.997
-38.965,130.83,4.999
-39.075,131.272,4.997
-39.186,131.715,4.996
-39.298,132.159,4.965
-39.41,132.603,4.998
-39.523,133.049,4.997
-39.638,133.496,4.999
-39.752,133.945,4.993
-39.869,134.394,4.998
-39.985,134.845,4.999
-40.102,135.296,5
-40.22,135.749,4.998
-40.339,136.203,5.001
-40.458,136.659,5
-40.577,137.115,5.004
-40.698,137.572,4.995
-40.819,138.031,4.995
-40.941,138.49,4.997
-41.063,138.951,4.994
-41.186,139.412,4.997
-41.309,139.874,4.997
-41.432,140.338,4.994
-41.556,140.802,4.997
-41.681,141.267,4.995
-41.805,141.733,4.996
-41.93,142.2,4.999
-42.055,142.667,4.997
-42.181,143.136,4.993
-42.307,143.606,5
-42.433,144.076,4.998
-42.56,144.547,4.998
-42.686,145.019,4.997
-42.814,145.492,4.99
-42.942,145.966,4.997
-43.069,146.44,4.998
-43.199,146.915,4.998
-43.328,147.391,4.997
-43.458,147.867,4.998
-43.588,148.343,4.998
-43.72,148.819,4.997
-43.851,149.297,4.997
-43.983,149.773,4.989
-44.116,150.251,4.997
-44.249,150.727,4.996
-44.382,151.203,4.998
-44.517,151.68,5
-44.651,152.156,4.998
-44.786,152.631,4.998
-44.921,153.106,4.999
-45.056,153.58,4.997
-45.192,154.055,4.99
-45.326,154.528,4.996
-45.461,155.001,4.997
-45.596,155.473,4.997
-45.73,155.945,4.996
-45.864,156.416,4.998
-45.997,156.885,4.996
-46.131,157.355,5.003
-46.262,157.823,4.997
-46.395,158.291,4.996
-46.526,158.758,4.996
-46.656,159.224,4.999
-46.786,159.689,4.998
-46.914,160.153,4.997
-47.042,160.616,4.999
-47.168,161.078,4.997
-47.295,161.539,4.998
-47.419,161.998,5.002
-47.543,162.457,4.999
-47.666,162.914,4.998
-47.788,163.37,4.992
-47.908,163.825,4.997
-48.028,164.279,4.998
-48.145,164.73,4.998
-48.263,165.182,5
-48.378,165.632,4.996
-48.493,166.081,4.996
-48.607,166.529,4.998
-48.719,166.975,4.996
-48.831,167.42,4.985
-48.941,167.865,4.997
-49.05,168.308,4.999
-49.157,168.749,4.998
-49.264,169.19,4.995
-49.371,169.629,4.997
-49.475,170.067,4.998
-49.579,170.504,4.997
-49.683,170.939,4.997
-49.784,171.372,5.004
-49.886,171.804,4.996
-49.986,172.235,4.999
-50.086,172.663,4.998
-50.185,173.091,4.991
-50.282,173.517,4.998
-50.379,173.941,4.996
-50.476,174.363,4.998
-50.571,174.784,4.996
-50.666,175.202,4.996
-50.76,175.62,4.997
-50.854,176.035,4.991
-50.947,176.447,4.997
-51.039,176.858,5.003
-51.131,177.267,4.998
-51.222,177.675,4.997
-51.311,178.079,4.997
-51.4,178.482,4.999
-51.489,178.882,5.009
-51.576,179.28,4.997
-51.662,179.676,4.997
-51.747,180.07,4.997
-51.83,180.461,4.999
-51.914,180.85,4.997
-51.994,181.236,4.997
-52.075,181.62,4.998
-52.152,182.001,4.999
-52.23,182.381,4.999
-52.305,182.757,4.996
-52.379,183.13,5.007
-52.451,183.502,4.997
-52.523,183.871,4.997
-52.593,184.237,4.996
-52.661,184.6,4.998
-52.729,184.961,4.998
-52.794,185.32,4.999
-52.858,185.676,4.997
-52.921,186.029,4.998
-52.983,186.381,4.999
-53.043,186.73,4.997
-53.102,187.076,4.998
-53.16,187.421,4.997
-53.217,187.763,4.996
-53.273,188.103,4.997
-53.327,188.441,4.997
-53.38,188.776,4.989
-53.432,189.109,4.999
-53.483,189.441,5.002
-53.533,189.771,5.006
-53.583,190.099,5
-53.632,190.424,4.997
-53.68,190.749,4.997
-53.727,191.072,4.997
-53.773,191.393,4.998
-53.819,191.712,4.999
-53.864,192.03,4.999
-53.908,192.346,4.99
-53.951,192.661,5
-53.994,192.974,4.993
-54.036,193.286,4.997
-54.077,193.595,4.999
-54.118,193.903,4.997
-54.157,194.211,4.997
-54.196,194.516,5.003
-54.235,194.82,4.997
-54.272,195.121,5.002
-54.307,195.422,4.999
-54.342,195.721,4.999
-54.375,196.017,4.998
-54.408,196.313,5.001
-54.44,196.607,4.998
-54.47,196.9,4.999
-54.5,197.191,5.004
-54.527,197.481,4.994
-54.554,197.769,4.999
-54.581,198.056,4.998
-54.606,198.342,4.997
-54.63,198.626,4.998
-54.654,198.909,4.997
-54.675,199.191,4.998
-54.697,199.472,4.998
-54.718,199.751,5
-54.737,200.029,4.999
-54.757,200.306,4.996
-54.774,200.581,4.998
-54.791,200.856,4.999
-54.808,201.13,4.997
-54.822,201.401,4.999
-54.838,201.671,4.997
-54.851,201.941,4.998
-54.864,202.209,4.996
-54.877,202.475,4.998
-54.889,202.741,4.997
-54.899,203.004,4.997
-54.909,203.267,5.003
-54.919,203.528,4.997
-54.927,203.788,4.997
-54.935,204.047,4.997
-54.944,204.303,5
-54.951,204.56,4.998
-54.957,204.814,4.997
-54.963,205.067,4.998
-54.967,205.319,4.996
-54.972,205.57,5.012
-54.976,205.819,4.997
-54.978,206.066,4.995
-54.981,206.312,4.997
-54.982,206.557,4.999
-54.983,206.8,4.998
-54.984,207.04,4.998
-54.982,207.279,4.993
-54.98,207.516,4.997
-54.978,207.751,4.998
-54.975,207.985,4.998
-54.97,208.215,4.99
-54.965,208.445,4.999
-54.958,208.673,4.997
-54.951,208.899,4.998
-54.943,209.121,4.997
-54.933,209.343,5.003
-54.924,209.563,4.999
-54.913,209.781,4.997
-54.9,209.999,4.998
-54.887,210.213,4.997
-54.873,210.426,4.998
-54.858,210.637,4.998
-54.842,210.847,4.997
-54.825,211.055,4.999
-54.807,211.261,4.998
-54.788,211.465,4.998
-54.769,211.668,4.995
-54.748,211.869,4.997
-54.727,212.068,4.99
-54.705,212.265,4.997
-54.681,212.46,4.998
-54.658,212.654,4.998
-54.633,212.846,4.998
-54.607,213.035,4.998
-54.581,213.222,4.997
-54.555,213.407,4.997
-54.527,213.59,4.996
-54.499,213.77,4.994
-54.469,213.949,4.995
-54.439,214.125,4.996
-54.41,214.298,4.998
-54.378,214.469,4.996
-54.346,214.638,4.997
-54.314,214.804,4.998
-54.28,214.967,5
-54.247,215.129,4.997
-54.212,215.286,4.994
-54.176,215.442,4.997
-54.141,215.596,4.993
-54.105,215.746,4.997
-54.067,215.894,4.999
-54.029,216.038,4.999
-53.99,216.18,4.999
-53.951,216.319,5
-53.911,216.456,4.998
-53.871,216.59,4.995
-53.829,216.72,4.997
-53.787,216.848,4.99
-53.745,216.974,4.997
-53.701,217.096,4.998
-53.658,217.216,4.997
-53.613,217.333,4.999
-53.569,217.447,4.998
-53.524,217.559,4.995
-53.477,217.668,5
-53.432,217.774,4.997
-53.385,217.879,4.998
-53.337,217.979,4.996
-53.289,218.078,4.999
-53.241,218.174,4.998
-53.192,218.267,5
-53.143,218.358,4.998
-53.093,218.446,4.999
-53.042,218.531,4.997
-52.992,218.614,4.997
-52.94,218.695,4.997
-52.887,218.773,4.997
-52.835,218.848,4.997
-52.781,218.921,4.997
-52.728,218.991,4.997
-52.673,219.06,4.998
-52.618,219.126,4.999
-52.562,219.189,4.998
-52.507,219.251,4.997
-52.45,219.31,4.995
-52.394,219.367,4.999
-52.336,219.421,4.998
-52.278,219.475,4.997
-52.221,219.525,4.99
-52.162,219.575,4.997
-52.103,219.622,4.997
-52.044,219.667,4.995
-51.985,219.711,4.994
-51.924,219.753,5.01
-51.865,219.793,4.999
-51.804,219.832,4.996
-51.743,219.87,4.998
-51.683,219.906,4.996
-51.622,219.941,4.998
-51.561,219.975,4.996
-51.499,220.008,5.003
-51.438,220.038,4.996
-51.377,220.069,4.997
-51.315,220.099,4.998
-51.253,220.128,4.992
-51.192,220.155,4.998
-51.129,220.183,4.997
-51.068,220.209,4.998
-51.006,220.235,4.998
-50.944,220.261,4.992
-50.881,220.285,4.999
-50.819,220.309,4.998
-50.756,220.333,4.997
-50.695,220.356,4.999
-50.632,220.377,5
-50.569,220.4,4.997
-50.506,220.421,4.998
-50.443,220.441,5
-50.379,220.462,4.999
-50.317,220.481,4.998
-50.253,220.501,4.996
-50.19,220.52,4.997
-50.127,220.539,5.009
-50.064,220.558,4.995
-50,220.577,4.997
-49.938,220.595,4.998
-49.875,220.613,5
-49.811,220.631,4.997
-49.749,220.649,4.998
-49.687,220.667,4.998
-49.626,220.684,4.996
-49.565,220.703,4.988
-49.503,220.721,4.998
-49.443,220.739,4.997
-49.383,220.757,4.997
-49.322,220.776,4.994
-49.263,220.795,4.998
-49.204,220.814,4.998
-49.144,220.834,4.994
-49.086,220.854,4.999
-49.028,220.875,5.001
-48.97,220.896,4.998
-48.913,220.918,4.993
-48.856,220.941,4.997
-48.8,220.965,4.999
-48.744,220.989,4.997
-48.689,221.013,4.998
-48.633,221.039,4.995
-48.579,221.067,4.996
-48.524,221.094,4.998
-48.47,221.122,4.997
-48.417,221.153,5.003
-48.365,221.183,4.997
-48.312,221.215,4.997
-48.26,221.247,4.998
-48.208,221.282,4.995
-48.157,221.317,4.999
-48.106,221.354,4.998
-48.055,221.391,4.997
-48.005,221.43,4.997
-47.954,221.469,5.015
-47.905,221.511,4.997
-47.856,221.553,4.998
-47.807,221.597,4.998
-47.758,221.641,4.995
-47.71,221.688,4.997
-47.663,221.735,4.998
-47.615,221.784,4.997
-47.568,221.833,4.997
-47.522,221.884,4.989
-47.477,221.936,4.998
-47.431,221.99,4.998
-47.387,222.043,4.998
-47.342,222.098,4.999
-47.298,222.154,4.999
-47.255,222.211,4.998
-47.212,222.268,4.998
-47.17,222.326,4.998
-47.127,222.386,5
-47.086,222.446,4.998
-47.044,222.506,5.002
-47.003,222.568,4.997
-46.963,222.63,4.996
-46.923,222.693,4.997
-46.883,222.757,4.998
-46.844,222.822,4.996
-46.805,222.887,4.997
-46.767,222.953,5.002
-46.729,223.02,4.998
-46.691,223.088,4.996
-46.654,223.156,4.998
-46.619,223.226,4.999
-46.583,223.296,4.994
-46.548,223.365,4.998
-46.513,223.437,4.996
-46.479,223.509,5.002
-46.447,223.581,4.995
-46.414,223.654,4.997
-46.382,223.728,4.987
-46.351,223.801,4.995
-46.319,223.877,4.996
-46.288,223.952,4.998
-46.259,224.027,4.999
-46.229,224.103,4.996
-46.2,224.18,4.996
-46.171,224.256,4.999
-46.143,224.334,4.998
-46.115,224.411,4.996
-46.088,224.489,5
-46.061,224.568,4.999
-46.034,224.647,4.998
-46.008,224.725,4.989
-45.983,224.804,4.996
-45.957,224.884,4.997
-45.932,224.964,4.997
-45.908,225.043,4.997
-45.883,225.124,4.997
-45.859,225.204,4.997
-45.836,225.284,4.997
-45.812,225.365,4.998
-45.788,225.445,4.995
-45.765,225.525,4.997
-45.743,225.606,4.998
-45.72,225.687,5
-45.697,225.767,4.997
-45.676,225.848,4.989
-45.653,225.928,4.997
-45.631,226.008,4.993
-45.608,226.089,4.998
-45.587,226.169,4.996
-45.565,226.249,4.998
-45.542,226.329,4.997
-45.52,226.409,4.999
-45.498,226.489,4.996
-45.476,226.568,5.002
-45.453,226.648,4.998
-45.43,226.727,4.999
-45.406,226.806,4.996
-45.384,226.885,4.999
-45.361,226.963,4.997
-45.337,227.04,4.999
-45.313,227.118,5.012
-45.29,227.194,4.999
-45.265,227.271,4.999
-45.24,227.347,4.997
-45.215,227.423,4.998
-45.19,227.498,4.999
-45.165,227.572,4.998
-45.14,227.646,4.998
-45.113,227.719,4.994
-45.087,227.791,4.995
-45.061,227.863,4.998
-45.034,227.934,4.997
-45.007,228.004,4.999
-44.979,228.074,4.992
-44.951,228.143,4.998
-44.923,228.211,4.998
-44.895,228.278,4.998
-44.866,228.344,4.993
-44.837,228.41,4.997
-44.808,228.474,4.996
-44.778,228.538,4.997
-44.747,228.601,4.998
-44.717,228.662,5.004
-44.687,228.723,4.998
-44.656,228.783,5.001
-44.623,228.843,5
-44.592,228.9,4.994
-44.561,228.958,4.997
-44.528,229.014,4.995
-44.496,229.069,4.998
-44.464,229.124,4.998
-44.43,229.177,4.985
-44.397,229.229,4.998
-44.363,229.281,4.995
-44.329,229.332,4.997
-44.295,229.381,4.996
-44.26,229.43,4.998
-44.226,229.479,4.997
-44.19,229.526,4.997
-44.156,229.572,4.996
-44.12,229.618,4.997
-44.085,229.663,4.998
-44.048,229.707,4.995
-44.012,229.75,4.998
-43.975,229.793,4.997
-43.938,229.836,4.997
-43.9,229.877,4.993
-43.862,229.918,4.992
-43.823,229.958,4.997
-43.785,229.997,4.998
-43.746,230.037,4.997
-43.705,230.075,4.99
-43.664,230.113,4.997
-43.623,230.15,4.997
-43.581,230.186,4.998
-43.539,230.221,4.993
-43.496,230.257,4.998
-43.452,230.29,4.998
-43.408,230.324,4.998
-43.363,230.358,4.998
-43.318,230.389,4.996
-43.273,230.421,4.998
-43.226,230.452,4.997
-43.179,230.483,4.997
-43.132,230.512,4.996
-43.084,230.542,4.997
-43.035,230.57,4.997
-42.987,230.598,4.998
-42.938,230.626,4.998
-42.889,230.653,4.978
-42.839,230.679,4.998
-42.79,230.705,4.988
-42.74,230.73,4.998
-42.689,230.754,4.997
-42.639,230.779,4.997
-42.589,230.801,4.997
-42.538,230.823,4.994
-42.488,230.845,4.998
-42.436,230.866,4.983
-42.386,230.885,4.998
-42.334,230.904,4.999
-42.282,230.923,4.997
-42.23,230.94,4.997
-42.18,230.957,4.998
-42.128,230.972,4.998
-42.074,230.987,5
-42.022,231.001,4.994
-41.97,231.014,5
-41.918,231.026,4.998
-41.864,231.038,4.997
-41.812,231.048,4.998
-41.758,231.058,4.997
-41.706,231.066,4.998
-41.652,231.075,4.992
-41.598,231.082,4.996
-41.544,231.089,4.998
-41.49,231.094,4.998
-41.434,231.099,4.997
-41.38,231.103,5
-41.326,231.107,4.999
-41.27,231.109,4.997
-41.216,231.111,4.997
-41.161,231.112,4.999
-41.106,231.113,4.998
-41.051,231.112,4.997
-40.997,231.112,4.998
-40.942,231.111,4.998
-40.888,231.108,4.999
-40.832,231.105,4.999
-40.779,231.102,4.997
-40.725,231.097,4.997
-40.671,231.092,4.994
-40.618,231.088,4.998
-40.565,231.081,4.998
-40.513,231.074,4.995
-40.46,231.068,4.996
-40.408,231.059,5
-40.355,231.051,5
-40.303,231.041,4.997
-40.252,231.031,4.999
-40.201,231.02,5
-40.15,231.009,4.998
-40.099,230.996,4.998
-40.049,230.983,4.998
-39.997,230.969,4.999
-39.948,230.955,4.997
-39.898,230.939,4.999
-39.847,230.923,5
-39.797,230.906,4.997
-39.747,230.889,4.998
-39.697,230.87,4.997
-39.647,230.852,4.994
-39.597,230.831,4.998
-39.547,230.811,5
-39.498,230.789,4.994
-39.448,230.767,4.998
-39.399,230.744,4.996
-39.349,230.721,4.999
-39.3,230.695,4.998
-39.25,230.67,4.998
-39.2,230.643,4.995
-39.15,230.616,4.997
-39.1,230.587,4.997
-39.051,230.558,4.994
-39.001,230.528,4.997
-38.951,230.497,5.006
-38.902,230.465,4.997
-38.852,230.431,4.997
-38.804,230.398,4.998
-38.754,230.362,4.991
-38.706,230.326,4.999
-38.658,230.289,4.999
-38.609,230.25,4.999
-38.561,230.21,4.998
-38.513,230.169,4.987
-38.466,230.127,4.996
-38.418,230.084,4.998
-38.371,230.04,5.001
-38.325,229.994,4.999
-38.279,229.948,4.998
-38.232,229.899,4.995
-38.187,229.849,4.999
-38.141,229.798,4.997
-38.096,229.745,4.996
-38.051,229.69,4.998
-38.006,229.636,4.997
-37.961,229.579,4.997
-37.917,229.52,5
-37.872,229.46,4.998
-37.829,229.399,5
-37.785,229.337,4.995
-37.741,229.272,4.997
-37.698,229.206,4.99
-37.654,229.139,4.998
-37.612,229.071,4.985
-37.568,229.002,4.996
-37.525,228.931,4.997
-37.482,228.858,4.998
-37.439,228.784,4.999
-37.396,228.709,4.99
-37.353,228.633,4.996
-37.31,228.555,4.997
-37.268,228.475,4.998
-37.224,228.396,4.994
-37.182,228.313,4.998
-37.14,228.229,4.998
-37.097,228.145,5.001
-37.053,228.058,4.992
-37.011,227.971,4.997
-36.969,227.882,5
-36.926,227.791,4.997
-36.883,227.699,4.996
-36.84,227.605,5.014
-36.799,227.509,4.997
-36.756,227.412,4.997
-36.714,227.314,4.996
-36.671,227.214,4.999
-36.628,227.112,4.998
-36.586,227.01,4.996
-36.543,226.905,4.998
-36.5,226.799,4.999
-36.458,226.691,4.986
-36.416,226.582,4.997
-36.373,226.47,5.001
-36.33,226.358,4.998
-36.287,226.243,4.991
-36.245,226.127,4.997
-36.202,226.009,4.997
-36.16,225.89,4.998
-36.117,225.769,5.001
-36.074,225.647,4.985
-36.032,225.522,4.997
-35.989,225.396,4.997
-35.947,225.268,4.997
-35.904,225.138,4.999
-35.862,225.007,4.997
-35.82,224.874,4.998
-35.778,224.739,5.005
-35.735,224.603,4.992
-35.693,224.465,4.994
-35.651,224.325,4.997
-35.608,224.183,5.002
-35.565,224.041,4.997
-35.523,223.896,4.998
-35.48,223.75,4.998
-35.437,223.602,4.998
-35.394,223.453,4.993
-35.351,223.302,4.998
-35.308,223.151,4.997
-35.265,222.997,4.998
-35.222,222.843,5.012
-35.178,222.687,4.998
-35.135,222.53,4.998
-35.092,222.372,4.997
-35.048,222.211,5
-35.005,222.051,4.997
-34.962,221.888,4.998
-34.917,221.725,4.996
-34.874,221.56,4.998
-34.831,221.395,5.007
-34.787,221.227,4.997
-34.743,221.059,4.998
-34.7,220.89,4.997
-34.656,220.719,4.998
-34.613,220.549,4.998
-34.569,220.376,4.996
-34.526,220.203,4.997
-34.482,220.03,4.995
-34.439,219.855,4.992
-34.395,219.68,4.998
-34.352,219.504,4.997
-34.308,219.328,4.999
-34.264,219.151,5
-34.221,218.974,4.998
-34.176,218.797,4.996
-34.133,218.618,4.998
-34.088,218.44,4.998
-34.045,218.261,4.988
-34.001,218.081,4.997
-33.957,217.902,4.998
-33.913,217.722,4.998
-33.869,217.542,4.999
-33.824,217.362,4.998
-33.78,217.181,4.997
-33.736,217.001,5.004
-33.692,216.821,5
-33.647,216.639,4.999
-33.603,216.459,4.998
-33.558,216.278,5.003
-33.514,216.097,4.998
-33.469,215.916,4.997
-33.425,215.736,4.997
-33.38,215.555,4.995
-33.336,215.375,4.996
-33.291,215.195,4.998
-33.247,215.014,4.998
-33.203,214.834,4.998
-33.158,214.654,5.002
-33.114,214.475,4.998
-33.069,214.296,4.997
-33.025,214.116,4.998
-32.981,213.937,4.999
-32.936,213.758,4.997
-32.892,213.581,4.997
-32.848,213.402,4.995
-32.804,213.224,4.998
-32.76,213.047,4.99
-32.716,212.871,4.997
-32.673,212.694,4.998
-32.63,212.518,4.997
-32.587,212.343,4.992
-32.543,212.169,4.999
-32.501,211.994,4.998
-32.458,211.821,4.998
-32.415,211.649,4.997
-32.373,211.477,5
-32.331,211.307,4.999
-32.289,211.136,5.001
-32.247,210.967,4.998
-32.205,210.799,4.998
-32.163,210.632,4.997
-32.121,210.465,4.998
-32.08,210.3,5.003
-32.039,210.136,5
-31.999,209.973,4.985
-31.957,209.811,4.998
-31.917,209.651,4.998
-31.877,209.491,4.997
-31.837,209.333,4.998
-31.796,209.177,4.999
-31.756,209.021,4.997
-31.717,208.867,4.993
-31.677,208.714,4.997
-31.637,208.562,4.997
-31.598,208.412,4.999
-31.559,208.263,5
-31.519,208.115,4.996
-31.481,207.969,4.997
-31.442,207.824,4.997
-31.404,207.68,4.996
-31.365,207.537,4.998
-31.328,207.396,4.999
-31.291,207.256,4.998
-31.253,207.118,4.998
-31.217,206.98,4.994
-31.181,206.843,4.996
-31.145,206.708,4.997
-31.109,206.574,4.996
-31.074,206.441,4.995
-31.039,206.31,4.998
-31.005,206.18,4.998
-30.971,206.051,5.001
-30.938,205.923,4.998
-30.905,205.796,4.978
-30.873,205.671,4.997
-30.84,205.547,4.998
-30.808,205.425,4.997
-30.778,205.303,5.007
-30.747,205.183,4.997
-30.717,205.064,4.999
-30.687,204.946,4.998
-30.657,204.829,4.999
-30.628,204.715,5
-30.6,204.601,4.996
-30.572,204.488,4.998
-30.544,204.377,4.997
-30.516,204.267,4.997
-30.489,204.158,4.997
-30.462,204.051,4.998
-30.437,203.944,4.998
-30.411,203.839,4.998
-30.385,203.736,4.995
-30.359,203.633,4.996
-30.334,203.531,4.996
-30.309,203.43,4.997
-30.285,203.331,4.996
-30.261,203.232,4.996
-30.237,203.135,4.997
-30.212,203.039,5.008
-30.188,202.944,4.994
-30.165,202.849,4.999
-30.14,202.756,4.998
-30.117,202.664,5.003
-30.093,202.572,4.997
-30.071,202.482,4.997
-30.047,202.392,4.995
-30.024,202.304,4.996
-30.001,202.216,4.996
-29.978,202.129,4.999
-29.955,202.043,4.997
-29.933,201.957,4.998
-29.91,201.873,4.999
-29.887,201.789,4.997
-29.864,201.706,4.998
-29.842,201.624,4.998
-29.819,201.543,4.997
-29.797,201.462,4.998
-29.775,201.382,4.998
-29.754,201.303,4.997
-29.732,201.225,4.995
-29.71,201.147,4.993
-29.688,201.07,4.997
-29.666,200.994,4.998
-29.644,200.917,4.998
-29.623,200.842,4.994
-29.602,200.766,4.998
-29.581,200.692,4.997
-29.559,200.618,4.997
-29.538,200.544,4.998
-29.517,200.471,5.009
-29.496,200.397,4.998
-29.475,200.324,4.996
-29.455,200.251,4.998
-29.434,200.179,5
-29.413,200.107,4.998
-29.393,200.034,4.999
-29.372,199.963,4.997
-29.352,199.892,5
-29.332,199.819,4.985
-29.311,199.748,4.998
-29.291,199.676,4.992
-29.27,199.605,4.997
-29.25,199.534,4.997
-29.229,199.462,4.996
-29.209,199.389,4.998
-29.188,199.317,4.991
-29.167,199.245,4.997
-29.145,199.172,4.997
-29.124,199.1,4.999
-29.101,199.027,5.001
-29.08,198.953,4.997
-29.058,198.879,4.997
-29.036,198.805,4.997
-29.013,198.73,5.001
-28.991,198.655,5.007
-28.969,198.579,4.998
-28.946,198.503,4.997
-28.923,198.427,4.998
-28.9,198.35,4.994
-28.878,198.273,4.997
-28.855,198.194,4.997
-28.832,198.116,4.997
-28.81,198.038,4.998
-28.787,197.957,4.995
-28.765,197.878,4.997
-28.741,197.797,4.998
-28.719,197.715,4.998
-28.697,197.633,4.983
-28.674,197.55,4.998
-28.651,197.467,4.994
-28.628,197.383,4.998
-28.606,197.298,4.998
-28.583,197.213,4.998
-28.56,197.126,4.996
-28.538,197.039,4.998
-28.515,196.951,5.001
-28.492,196.863,4.981
-28.469,196.774,4.998
-28.446,196.683,4.997
-28.423,196.592,4.998
-28.4,196.501,4.997
-28.377,196.41,4.997
-28.354,196.316,4.998
-28.331,196.222,4.998
-28.307,196.128,4.996
-28.284,196.033,4.999
-28.26,195.937,4.997
-28.236,195.841,4.994
-28.211,195.743,4.994
-28.187,195.644,4.998
-28.162,195.546,4.998
-28.137,195.446,4.999
-28.112,195.345,4.995
-28.086,195.244,4.997
-28.061,195.142,4.996
-28.035,195.039,4.998
-28.009,194.935,4.999
-27.982,194.83,4.999
-27.956,194.723,4.997
-27.93,194.617,4.997
-27.904,194.51,4.993
-27.877,194.402,4.997
-27.851,194.292,4.997
-27.825,194.182,4.998
-27.799,194.072,4.996
-27.772,193.96,4.975
-27.746,193.847,4.999
-27.72,193.734,4.999
-27.693,193.62,4.997
-27.667,193.505,4.999
-27.64,193.389,4.998
-27.615,193.273,4.998
-27.589,193.156,4.998
-27.561,193.038,4.999
-27.535,192.919,5
-27.509,192.8,4.997
-27.482,192.68,4.999
-27.456,192.56,4.997
-27.429,192.438,4.997
-27.403,192.316,4.999
-27.376,192.194,4.999
-27.348,192.071,4.998
-27.322,191.947,4.998
-27.295,191.823,5.002
-27.267,191.699,4.998
-27.24,191.574,4.995
-27.212,191.447,4.998
-27.185,191.321,4.997
-27.157,191.195,4.997
-27.13,191.068,4.997
-27.101,190.941,5.005
-27.073,190.814,5.001
-27.044,190.686,4.999
-27.015,190.558,4.997
-26.986,190.429,5.004
-26.956,190.3,4.997
-26.927,190.17,4.998
-26.897,190.041,4.997
-26.867,189.911,4.996
-26.836,189.78,4.989
-26.806,189.649,4.997
-26.775,189.518,4.999
-26.744,189.386,4.997
-26.714,189.254,5.004
-26.683,189.122,4.997
-26.652,188.989,4.998
-26.62,188.856,4.999
-26.589,188.723,5
-26.558,188.59,4.998
-26.527,188.455,4.998
-26.495,188.321,4.998
-26.464,188.187,5
-26.432,188.053,4.996
-26.402,187.918,4.998
-26.37,187.783,4.997
-26.338,187.648,4.999
-26.307,187.513,4.99
-26.275,187.377,4.999
-26.243,187.242,4.996
-26.211,187.107,5
-26.179,186.971,5.002
-26.148,186.836,5.014
-26.116,186.7,4.999
-26.083,186.563,5.005
-26.051,186.428,4.997
-26.018,186.292,5
-25.985,186.157,4.997
-25.952,186.022,4.996
-25.919,185.886,4.998
-25.886,185.75,5.002
-25.852,185.615,4.996
-25.819,185.48,4.997
-25.785,185.344,5.002
-25.751,185.21,4.998
-25.716,185.074,5
-25.681,184.939,4.999
-25.645,184.805,4.998
-25.609,184.67,4.995
-25.573,184.537,4.998
-25.537,184.403,4.993
-25.5,184.27,4.996
-25.462,184.137,4.995
-25.425,184.004,4.998
-25.386,183.871,5.001
-25.348,183.74,4.998
-25.309,183.608,4.996
-25.27,183.477,4.998
-25.231,183.346,4.998
-25.192,183.214,4.997
-25.153,183.084,4.997
-25.112,182.955,5.008
-25.073,182.825,4.998
-25.032,182.696,5
-24.993,182.567,4.999
-24.952,182.439,4.997
-24.912,182.311,4.998
-24.871,182.183,4.997
-24.83,182.057,4.998
-24.79,181.93,4.997
-24.749,181.804,5.004
-24.708,181.679,4.998
-24.667,181.555,4.997
-24.626,181.431,4.997
-24.584,181.308,4.996
-24.543,181.185,4.998
-24.501,181.064,4.997
-24.459,180.944,4.997
-24.417,180.823,4.999
-24.374,180.705,4.994
-24.332,180.586,4.997
-24.29,180.469,4.991
-24.247,180.353,4.997
-24.204,180.237,5
-24.16,180.123,4.997
-24.117,180.01,4.998
-24.074,179.898,4.994
-24.029,179.786,4.998
-23.985,179.676,4.994
-23.94,179.567,4.997
-23.895,179.459,4.993
-23.85,179.352,4.997
-23.804,179.245,4.998
-23.758,179.14,4.997
-23.712,179.037,4.998
-23.664,178.935,4.998
-23.618,178.833,4.998
-23.569,178.734,4.996
-23.521,178.636,4.997
-23.472,178.539,4.984
-23.424,178.443,4.999
-23.374,178.35,4.996
-23.325,178.256,4.997
-23.274,178.166,4.995
-23.224,178.075,4.993
-23.173,177.988,4.997
-23.121,177.9,4.998
-23.07,177.816,4.997
-23.019,177.732,5
-22.968,177.649,4.996
-22.915,177.569,4.999
-22.863,177.49,4.997
-22.811,177.413,4.991
-22.758,177.337,4.998
-22.706,177.263,4.998
-22.653,177.191,4.998
-22.6,177.121,4.997
-22.547,177.052,5.004
-22.495,176.986,4.998
-22.441,176.921,4.996
-22.388,176.859,4.997
-22.335,176.797,4.999
-22.28,176.739,4.998
-22.226,176.683,4.997
-22.172,176.628,4.998
-22.117,176.576,4.994
-22.063,176.526,5.007
-22.007,176.478,4.998
-21.953,176.434,4.999
-21.898,176.39,4.998
-21.841,176.35,4.999
-21.786,176.312,4.998
-21.729,176.276,5.001
-21.674,176.244,4.996
-21.618,176.214,5.001
-21.561,176.187,4.997
-21.504,176.162,4.998
-21.447,176.139,4.997
-21.39,176.12,4.997
-21.333,176.104,4.998
-21.275,176.09,5
-21.218,176.079,4.998
-21.16,176.072,4.992
-21.102,176.067,4.997
-21.044,176.065,4.999
-20.985,176.066,4.997
-20.926,176.07,5.015
-20.867,176.078,4.998
-20.808,176.088,4.998
-20.748,176.102,4.994
-20.689,176.118,4.998
-20.628,176.138,5.003
-20.568,176.161,4.998
-20.507,176.187,4.996
-20.447,176.217,4.998
-20.387,176.251,4.984
-20.326,176.288,4.999
-20.266,176.328,4.997
-20.205,176.371,4.997
-20.144,176.419,4.997
-20.083,176.47,4.999
-20.022,176.524,4.997
-19.962,176.582,4.997
-19.9,176.643,4.997
-19.84,176.707,5.003
-19.78,176.776,4.997
-19.719,176.849,4.996
-19.658,176.923,4.998
-19.598,177.003,4.997
-19.537,177.085,4.996
-19.476,177.171,4.996
-19.416,177.261,4.997
-19.356,177.355,4.998
-19.295,177.451,5.002
-19.235,177.552,4.995
-19.174,177.655,5.004
-19.114,177.763,4.998
-19.055,177.874,4.998
-18.995,177.989,4.997
-18.934,178.107,4.996
-18.875,178.228,4.986
-18.816,178.353,4.998
-18.757,178.481,5.004
-18.698,178.613,4.997
-18.639,178.747,4.989
-18.58,178.886,4.997
-18.521,179.027,5
-18.463,179.172,4.997
-18.405,179.32,5.001
-18.347,179.47,4.989
-18.29,179.624,4.998
-18.233,179.781,4.996
-18.176,179.941,4.998
-18.12,180.103,4.991
-18.064,180.269,4.997
-18.008,180.437,4.997
-17.953,180.608,4.997
-17.898,180.782,4.997
-17.844,180.959,5.002
-17.79,181.138,4.998
-17.735,181.319,4.998
-17.682,181.504,4.998
-17.629,181.69,4.997
-17.576,181.88,4.998
-17.525,182.071,4.997
-17.473,182.265,4.998
-17.421,182.461,4.993
-17.371,182.659,4.999
-17.319,182.859,4.998
-17.27,183.061,4.998
-17.219,183.265,4.998
-17.17,183.471,4.998
-17.12,183.678,4.999
-17.071,183.887,5.004
-17.023,184.097,4.998
-16.975,184.31,4.997
-16.926,184.523,4.998
-16.878,184.738,4.997
-16.831,184.955,5
-16.784,185.171,4.996
-16.737,185.39,4.989
-16.692,185.609,4.996
-16.646,185.829,5.001
-16.6,186.049,4.998
-16.555,186.27,4.997
-16.511,186.493,4.997
-16.467,186.715,4.998
-16.423,186.938,4.993
-16.381,187.16,4.996
-16.338,187.383,4.997
-16.297,187.605,4.998
-16.256,187.829,5
-16.215,188.051,4.998
-16.175,188.274,4.997
-16.136,188.496,4.998
-16.098,188.718,4.997
-16.06,188.939,5.001
-16.023,189.161,4.995
-15.986,189.38,4.998
-15.951,189.599,4.998
-15.916,189.818,4.995
-15.881,190.035,4.998
-15.848,190.252,4.997
-15.815,190.467,4.998
-15.783,190.682,5.001
-15.752,190.894,4.996
-15.721,191.105,4.997
-15.691,191.316,4.999
-15.661,191.523,4.998
-15.632,191.731,5.007
-15.603,191.935,4.998
-15.576,192.138,4.998
-15.548,192.34,4.997
-15.521,192.539,4.997
-15.494,192.736,4.997
-15.468,192.932,4.998
-15.442,193.125,4.997
-15.415,193.316,4.996
-15.389,193.505,4.992
-15.364,193.691,4.998
-15.338,193.875,4.999
-15.313,194.058,4.999
-15.288,194.237,5.001
-15.263,194.413,4.997
-15.238,194.587,4.998
-15.213,194.76,4.996
-15.189,194.929,4.999
-15.165,195.095,4.998
-15.142,195.258,4.997
-15.118,195.419,5.001
-15.095,195.576,4.996
-15.072,195.731,4.999
-15.05,195.884,4.998
-15.028,196.033,4.996
-15.006,196.18,4.996
-14.985,196.322,4.998
-14.964,196.463,4.999
-14.944,196.6,4.998
-14.923,196.735,4.995
-14.903,196.866,4.995
-14.882,196.994,4.997
-14.863,197.121,4.997
-14.843,197.243,5.001
-14.824,197.362,5.006
-14.805,197.478,4.998
-14.785,197.591,4.997
-14.767,197.7,4.998
-14.748,197.808,4.986
-14.73,197.911,4.997
-14.711,198.012,4.997
-14.694,198.109,4.997
-14.675,198.204,4.995
-14.658,198.294,4.996
-14.64,198.383,4.997
-14.622,198.468,4.998
-14.604,198.549,4.999
-14.587,198.629,5.001
-14.57,198.705,4.998
-14.551,198.778,4.997
-14.534,198.848,4.997
-14.516,198.914,4.997
-14.497,198.978,4.998
-14.48,199.039,4.998
-14.461,199.097,4.996
-14.442,199.152,4.994
-14.424,199.204,5.014
-14.405,199.253,4.997
-14.386,199.299,5
-14.367,199.342,4.998
-14.347,199.383,4.998
-14.329,199.421,4.997
-14.31,199.456,4.998
-14.29,199.489,5.006
-14.27,199.518,4.997
-14.252,199.545,4.978
-14.232,199.57,4.998
-14.213,199.592,5.007
-14.193,199.612,4.997
-14.174,199.63,4.997
-14.154,199.644,4.998
-14.134,199.657,4.998
-14.114,199.667,4.99
-14.093,199.676,4.997
-14.073,199.682,4.989
-14.053,199.687,4.998
-14.032,199.689,4.985
-14.011,199.689,4.997
-13.99,199.688,4.997
-13.968,199.685,4.998
-13.947,199.679,4.998
-13.926,199.673,4.996
-13.904,199.664,4.994
-13.881,199.654,4.997
-13.859,199.643,4.997
-13.836,199.629,5.007
-13.814,199.614,4.998
-13.792,199.598,4.998
-13.768,199.581,4.997
-13.745,199.561,4.996
-13.721,199.54,4.997
-13.698,199.519,4.999
-13.674,199.495,4.999
-13.65,199.47,4.999
-13.626,199.445,5.001
-13.601,199.418,4.997
-13.576,199.389,4.998
-13.55,199.36,4.998
-13.526,199.33,4.992
-13.499,199.299,4.996
-13.473,199.266,4.998
-13.448,199.233,4.995
-13.421,199.199,4.998
-13.394,199.165,5.012
-13.368,199.129,4.998
-13.34,199.093,4.992
-13.313,199.057,4.998
-13.285,199.019,4.998
-13.258,198.982,4.999
-13.23,198.944,4.998
-13.202,198.906,4.998
-13.175,198.867,4.997
-13.146,198.828,5.005
-13.117,198.789,4.997
-13.088,198.75,4.997
-13.06,198.711,4.999
-13.03,198.671,4.997
-13.001,198.632,4.996
-12.97,198.593,5
-12.941,198.553,5.006
-12.909,198.515,4.997
-12.878,198.476,4.999
-12.846,198.437,4.998
-12.813,198.4,4.998
-12.78,198.362,4.997
-12.747,198.324,4.997
-12.713,198.288,4.997
-12.678,198.251,5.002
-12.643,198.215,4.992
-12.607,198.179,4.998
-12.571,198.144,4.994
-12.535,198.11,4.998
-12.498,198.076,5.008
-12.46,198.043,4.997
-12.422,198.01,4.997
-12.385,197.978,4.998
-12.347,197.946,5.003
-12.308,197.916,4.998
-12.269,197.886,4.998
-12.23,197.857,4.997
-12.191,197.828,4.997
-12.151,197.801,4.998
-12.112,197.775,4.997
-12.071,197.75,4.998
-12.031,197.726,4.998
-11.991,197.702,4.994
-11.95,197.68,4.998
-11.91,197.66,4.998
-11.868,197.641,4.995
-11.828,197.622,4.997
-11.786,197.606,5
-11.745,197.59,4.997
-11.703,197.577,4.993
-11.662,197.564,4.997
-11.619,197.554,4.998
-11.577,197.544,4.997
-11.536,197.536,4.997
-11.493,197.53,4.999
-11.451,197.525,4.998
-11.409,197.522,5.019
-11.366,197.521,4.997
-11.322,197.52,4.987
-11.279,197.522,4.998
-11.235,197.526,4.997
-11.192,197.531,4.998
-11.148,197.538,4.997
-11.103,197.546,5.006
-11.058,197.557,4.997
-11.012,197.569,5.001
-10.967,197.583,4.998
-10.921,197.599,4.999
-10.874,197.617,4.998
-10.827,197.636,4.998
-10.78,197.657,4.998
-10.732,197.68,4.995
-10.684,197.705,4.996
-10.636,197.731,4.997
-10.587,197.758,4.997
-10.539,197.789,4.997
-10.49,197.82,5.003
-10.442,197.853,4.998
-10.393,197.888,4.998
-10.344,197.925,4.996
-10.295,197.963,4.993
-10.246,198.004,4.997
-10.198,198.045,4.997
-10.149,198.089,4.997
-10.1,198.134,4.998
-10.052,198.181,4.995
-10.003,198.23,4.998
-9.955,198.281,5.009
-9.906,198.334,4.997
-9.857,198.389,4.998
-9.809,198.445,4.999
-9.76,198.504,4.998
-9.712,198.563,4.998
-9.664,198.625,4.996
-9.616,198.689,5
-9.567,198.754,4.998
-9.52,198.82,4.999
-9.471,198.89,4.998
-9.423,198.96,4.998
-9.376,199.032,4.996
-9.328,199.106,5
-9.28,199.182,5.013
-9.232,199.259,4.998
-9.185,199.338,4.996
-9.138,199.419,4.998
-9.089,199.5,4.991
-9.043,199.584,4.997
-8.995,199.67,4.997
-8.949,199.757,4.997
-8.902,199.847,5
-8.855,199.938,5.003
-8.808,200.03,4.997
-8.762,200.125,5
-8.716,200.22,4.997
-8.67,200.318,4.988
-8.624,200.417,4.998
-8.579,200.518,4.997
-8.534,200.621,4.999
-8.49,200.725,4.997
-8.446,200.831,4.997
-8.401,200.938,4.999
-8.359,201.047,4.998
-8.315,201.158,4.998
-8.272,201.27,4.994
-8.23,201.385,4.998
-8.188,201.501,4.995
-8.147,201.618,4.995
-8.106,201.737,5.001
-8.065,201.857,4.997
-8.024,201.979,4.998
-7.984,202.101,4.998
-7.945,202.227,4.997
-7.906,202.352,4.994
-7.869,202.479,4.997
-7.831,202.608,4.994
-7.793,202.738,4.995
-7.756,202.87,4.995
-7.72,203.002,4.997
-7.683,203.136,4.997
-7.648,203.27,5.003
-7.613,203.407,4.992
-7.578,203.544,5.02
-7.544,203.683,4.997
-7.509,203.822,4.998
-7.476,203.963,4.997
-7.443,204.106,4.996
-7.41,204.249,4.999
-7.378,204.393,4.997
-7.346,204.539,4.996
-7.315,204.685,4.998
-7.284,204.833,4.999
-7.252,204.983,4.997
-7.223,205.133,4.999
-7.192,205.283,4.997
-7.163,205.435,4.996
-7.134,205.588,4.997
-7.106,205.742,4.996
-7.077,205.897,4.991
-7.05,206.053,4.996
-7.022,206.21,5.001
-6.996,206.368,4.996
-6.969,206.527,5
-6.943,206.686,5.003
-6.918,206.846,4.998
-6.892,207.007,4.998
-6.868,207.169,5.003
-6.844,207.332,4.999
-6.82,207.495,4.997
-6.797,207.66,4.999
-6.774,207.825,4.994
-6.752,207.991,4.996
-6.73,208.157,4.998
-6.708,208.324,4.999
-6.687,208.492,4.997
-6.666,208.66,4.995
-6.646,208.829,4.997
-6.626,208.999,4.998
-6.607,209.169,4.998
-6.588,209.34,4.999
-6.569,209.511,4.996
-6.55,209.681,4.998
-6.533,209.853,4.999
-6.515,210.025,4.998
-6.498,210.198,4.996
-6.482,210.37,4.998
-6.464,210.543,4.996
-6.449,210.717,4.989
-6.433,210.89,4.997
-6.419,211.064,5.003
-6.404,211.238,4.998
-6.389,211.413,4.998
-6.375,211.587,4.996
-6.362,211.762,4.998
-6.348,211.937,4.997
-6.335,212.113,5
-6.323,212.289,5.015
-6.31,212.465,4.997
-6.298,212.641,4.999
-6.287,212.818,4.997
-6.276,212.995,4.996
-6.264,213.172,5.002
-6.254,213.35,4.998
-6.243,213.527,4.998
-6.234,213.705,4.999
-6.223,213.883,4.997
-6.214,214.06,4.998
-6.205,214.238,4.994
-6.195,214.416,4.997
-6.187,214.595,4.992
-6.178,214.774,4.997
-6.17,214.953,4.997
-6.162,215.132,4.997
-6.154,215.31,4.994
-6.145,215.489,4.997
-6.137,215.668,4.997
-6.13,215.847,4.998
-6.122,216.027,4.999
-6.113,216.206,4.998
-6.106,216.385,4.998
-6.098,216.564,4.997
-6.091,216.743,4.997
-6.082,216.922,4.996
-6.074,217.1,4.998
-6.066,217.279,4.997
-6.058,217.457,4.996
-6.049,217.634,4.999
-6.041,217.811,4.984
-6.033,217.989,4.998
-6.024,218.165,5
-6.015,218.342,4.997
-6.006,218.517,4.998
-5.997,218.693,4.998
-5.988,218.868,4.998
-5.979,219.042,5.003
-5.969,219.216,5
-5.959,219.389,4.996
-5.949,219.562,4.997
-5.939,219.735,4.998
-5.929,219.907,4.997
-5.919,220.078,4.998
-5.908,220.249,4.998
-5.898,220.42,4.998
-5.887,220.59,4.998
-5.877,220.759,4.998
-5.865,220.928,4.999
-5.855,221.097,4.998
-5.843,221.264,4.99
-5.833,221.432,4.998
-5.822,221.599,4.997
-5.811,221.765,4.997
-5.8,221.931,5
-5.788,222.097,4.995
-5.778,222.262,4.998
-5.766,222.427,4.998
-5.755,222.591,4.999
-5.744,222.756,5.003
-5.733,222.919,4.997
-5.722,223.082,4.99
-5.71,223.246,4.997
-5.699,223.409,4.998
-5.688,223.571,4.998
-5.677,223.733,4.997
-5.664,223.895,4.998
-5.652,224.057,4.997
-5.64,224.218,5.001
-5.629,224.38,4.998
-5.617,224.54,5.008
-5.604,224.7,4.997
-5.591,224.861,4.999
-5.578,225.022,4.998
-5.565,225.181,4.998
-5.551,225.342,5.001
-5.537,225.501,4.995
-5.523,225.66,5.007
-5.509,225.82,4.998
-5.494,225.978,4.998
-5.479,226.137,4.997
-5.463,226.295,4.999
-5.448,226.453,4.997
-5.432,226.611,5
-5.416,226.768,4.993
-5.4,226.925,4.998
-5.384,227.082,5.007
-5.367,227.239,4.998
-5.349,227.395,4.991
-5.333,227.551,4.997
-5.315,227.707,4.997
-5.297,227.863,4.996
-5.279,228.018,4.992
-5.261,228.174,4.988
-5.242,228.329,4.997
-5.224,228.485,5.001
-5.205,228.639,4.998
-5.186,228.794,5.007
-5.166,228.949,4.998
-5.148,229.104,4.997
-5.128,229.259,4.997
-5.108,229.413,4.995
-5.089,229.568,4.998
-5.069,229.723,4.998
-5.049,229.877,4.997
-5.029,230.032,4.997
-5.009,230.186,5.002
-4.989,230.34,4.998
-4.968,230.494,4.996
-4.948,230.648,4.997
-4.926,230.802,5.001
-4.905,230.956,4.997
-4.884,231.111,4.997
-4.862,231.264,4.998
-4.84,231.418,5.002
-4.817,231.572,4.986
-4.795,231.728,4.997
-4.771,231.882,5
-4.748,232.036,4.998
-4.724,232.19,4.996
-4.699,232.345,4.997
-4.673,232.5,4.997
-4.648,232.655,4.998
-4.623,232.81,4.995
-4.596,232.965,4.995
-4.569,233.12,4.994
-4.542,233.276,4.999
-4.514,233.431,4.997
-4.486,233.588,4.997
-4.459,233.743,4.997
-4.43,233.9,5.004
-4.401,234.057,4.999
-4.372,234.214,4.999
-4.343,234.371,4.995
-4.313,234.53,4.998
-4.283,234.689,4.996
-4.253,234.848,4.998
-4.223,235.007,4.994
-4.193,235.167,4.998
-4.162,235.328,4.989
-4.133,235.489,4.99
-4.101,235.651,4.996
-4.071,235.814,4.999
-4.04,235.977,4.995
-4.009,236.141,4.984
-3.978,236.305,4.999
-3.947,236.47,4.998
-3.916,236.636,4.998
-3.884,236.803,4.995
-3.853,236.97,4.999
-3.822,237.138,4.997
-3.79,237.307,4.999
-3.758,237.477,4.998
-3.727,237.646,4.992
-3.694,237.817,4.996
-3.662,237.988,4.998
-3.63,238.161,4.997
-3.597,238.333,4.99
-3.565,238.506,4.997
-3.531,238.68,4.997
-3.499,238.855,4.996
-3.466,239.03,4.998
-3.433,239.206,4.996
-3.399,239.382,4.998
-3.366,239.56,4.999
-3.333,239.738,4.997
-3.298,239.916,4.999
-3.265,240.096,4.997
-3.231,240.275,4.997
-3.198,240.456,5
-3.164,240.637,4.998
-3.13,240.819,5.001
-3.097,241.002,4.998
-3.063,241.186,5
-3.03,241.369,4.998
-2.997,241.554,4.997
-2.963,241.739,4.997
-2.93,241.924,4.997
-2.897,242.11,4.997
-2.864,242.297,4.998
-2.832,242.484,4.999
-2.798,242.672,4.997
-2.765,242.862,4.999
-2.733,243.05,4.997
-2.701,243.239,4.997
-2.668,243.43,4.998
-2.636,243.62,4.999
-2.604,243.812,4.997
-2.572,244.004,4.998
-2.54,244.197,4.996
-2.508,244.39,4.997
-2.475,244.583,4.992
-2.444,244.777,4.994
-2.413,244.973,5.003
-2.381,245.168,4.997
-2.349,245.364,4.996
-2.317,245.562,4.998
-2.286,245.759,4.998
-2.253,245.957,4.998
-2.222,246.156,4.994
-2.191,246.356,4.992
-2.159,246.556,4.999
-2.128,246.756,4.994
-2.096,246.958,4.998
-2.064,247.159,4.992
-2.032,247.36,4.997
-2,247.564,4.998
-1.968,247.766,4.999
-1.936,247.969,4.994
-1.904,248.173,4.988
-1.873,248.378,4.998
-1.841,248.582,5
-1.81,248.786,4.997
-1.778,248.99,4.996
-1.746,249.196,4.998
-1.714,249.401,4.999
-1.683,249.606,4.999
-1.651,249.812,4.997
-1.62,250.018,5.004
-1.588,250.223,4.998
-1.556,250.429,5.002
-1.525,250.635,4.997
-1.493,250.841,4.998
-1.461,251.048,4.997
-1.429,251.253,4.996
-1.397,251.46,4.999
-1.365,251.666,4.997
-1.333,251.872,4.998
-1.301,252.079,4.998
-1.269,252.284,5.003
-1.236,252.49,4.998
-1.204,252.696,4.998
-1.171,252.902,4.998
-1.138,253.109,4.996
-1.105,253.314,5.001
-1.073,253.52,4.998
-1.04,253.726,4.997
-1.007,253.931,4.997
-0.974,254.137,5
-0.941,254.342,4.998
-0.908,254.547,4.999
-0.874,254.752,4.998
-0.84,254.959,4.998
-0.807,255.164,4.994
-0.773,255.368,4.998
-0.738,255.573,4.998
-0.704,255.778,4.999
-0.669,255.983,5.01
-0.635,256.187,4.997
-0.6,256.391,4.99
-0.564,256.596,4.998
-0.53,256.799,4.995
-0.493,257.003,4.995
-0.457,257.206,4.998
-0.422,257.409,4.997
-0.385,257.612,4.994
-0.348,257.814,5.006
-0.312,258.017,4.998
-0.274,258.218,4.996
-0.237,258.42,4.997
-0.2,258.622,4.998
-0.161,258.822,4.998
-0.123,259.023,4.998
-0.084,259.224,4.995
-0.046,259.424,4.997
-0.006,259.623,4.993
0.034,259.823,4.998
0.073,260.022,5
0.113,260.221,4.997
0.153,260.419,4.999
0.193,260.617,4.997
0.235,260.815,4.998
0.275,261.012,5.001
0.316,261.208,4.997
0.357,261.404,5.002
0.399,261.6,4.995
0.44,261.794,4.989
0.482,261.989,4.998
0.524,262.181,4.996
0.565,262.375,4.997
0.607,262.566,5.003
0.649,262.758,4.998
0.69,262.948,5
0.732,263.138,4.999
0.773,263.328,4.998
0.815,263.516,4.997
0.857,263.704,4.998
0.898,263.89,5
0.94,264.077,4.999
0.982,264.263,4.997
1.024,264.448,4.997
1.065,264.632,4.998
1.107,264.815,4.997
1.148,264.998,4.999
1.19,265.181,5.004
1.231,265.361,4.999
1.273,265.542,4.992
1.315,265.722,4.997
1.357,265.901,4.997
1.399,266.08,4.997
1.441,266.258,4.999
1.483,266.435,4.997
1.526,266.612,5.001
1.568,266.787,4.984
1.611,266.963,4.999
1.653,267.137,4.997
1.696,267.312,4.998
1.739,267.485,4.997
1.782,267.658,4.998
1.825,267.831,4.997
1.868,268.002,4.992
1.911,268.173,4.999
1.955,268.344,4.995
1.999,268.514,4.998
2.043,268.683,4.997
2.087,268.852,4.995
2.131,269.021,4.997
2.176,269.189,4.999
2.22,269.356,4.999
2.265,269.522,4.999
2.311,269.688,4.996
2.356,269.854,5
2.402,270.019,4.998
2.447,270.184,5.012
2.494,270.348,4.997
2.54,270.511,4.997
2.587,270.675,4.997
2.633,270.836,4.99
2.681,270.998,4.998
2.728,271.16,4.998
2.775,271.321,4.999
2.823,271.482,4.999
2.872,271.642,4.999
2.92,271.801,4.997
2.969,271.961,4.999
3.018,272.12,4.996
3.067,272.279,4.999
3.116,272.437,4.998
3.166,272.596,4.998
3.217,272.753,4.998
3.267,272.911,4.995
3.317,273.069,4.999
3.369,273.225,4.998
3.42,273.382,4.994
3.471,273.539,4.997
3.523,273.696,5
3.575,273.853,4.998
3.627,274.01,4.997
3.68,274.167,4.997
3.733,274.324,4.998
3.786,274.481,4.993
3.839,274.638,4.998
3.891,274.795,4.991
3.945,274.952,4.997
3.998,275.109,4.998
4.052,275.266,4.997
4.105,275.423,4.998
4.158,275.58,5.007
4.212,275.737,4.999
4.266,275.894,5.006
4.319,276.051,4.998
4.373,276.208,4.999
4.426,276.365,4.997
4.481,276.522,4.999
4.535,276.679,4.998
4.59,276.837,4.997
4.645,276.994,4.987
4.699,277.151,4.997
4.754,277.308,4.996
4.809,277.466,4.998
4.864,277.624,4.994
4.919,277.782,4.995
4.975,277.94,4.998
5.03,278.098,4.997
5.086,278.256,4.995
5.141,278.414,4.996
5.198,278.573,4.997
5.254,278.732,5
5.311,278.891,4.994
5.368,279.05,5.001
5.424,279.21,4.996
5.481,279.369,5.002
5.538,279.529,4.998
5.595,279.689,4.999
5.652,279.849,4.998
5.709,280.01,4.998
5.767,280.171,4.995
5.823,280.332,4.998
5.88,280.493,5.002
5.938,280.654,4.999
5.995,280.816,4.999
6.053,280.978,4.995
6.11,281.14,4.997
6.167,281.303,4.997
6.225,281.465,4.998
6.282,281.628,4.993
6.339,281.792,4.994
6.397,281.955,5.011
6.454,282.119,4.998
6.511,282.283,5
6.568,282.447,4.999
6.626,282.612,4.997
6.683,282.775,4.997
6.74,282.94,4.995
6.797,283.103,5.002
6.854,283.268,4.997
6.911,283.433,4.995
6.968,283.597,4.999
7.025,283.761,4.994
7.081,283.925,4.997
7.138,284.089,4.998
7.195,284.254,4.997
7.251,284.417,4.995
7.308,284.58,4.994
7.364,284.744,4.998
7.421,284.907,4.996
7.476,285.07,4.999
7.532,285.232,4.996
7.588,285.394,4.998
7.644,285.555,4.997
7.7,285.717,4.997
7.756,285.878,5.004
7.811,286.039,4.998
7.868,286.198,4.998
7.923,286.358,4.999
7.979,286.517,4.998
8.035,286.676,5.002
8.091,286.834,4.997
8.146,286.992,4.998
8.202,287.148,4.998
8.258,287.305,4.996
8.314,287.462,4.997
8.369,287.617,4.997
8.425,287.772,4.997
8.482,287.926,4.997
8.537,288.08,5.007
8.593,288.233,4.998
8.65,288.385,4.997
8.705,288.537,4.998
8.761,288.689,4.998
8.818,288.838,4.998
8.874,288.989,4.997
8.929,289.138,5.004
8.985,289.286,4.999
9.042,289.432,4.969
9.098,289.579,4.996
9.153,289.725,4.994
9.209,289.869,4.996
9.265,290.012,4.999
9.32,290.155,4.997
9.376,290.296,4.995
9.432,290.436,4.997
9.488,290.575,4.997
9.544,290.713,5.008
9.599,290.85,4.994
9.654,290.986,4.999
9.711,291.12,4.995
9.766,291.253,4.996
9.821,291.385,4.999
9.877,291.516,4.996
9.932,291.646,4.999
9.986,291.774,4.998
10.042,291.901,4.998
10.096,292.027,4.994
10.151,292.151,5.001
10.206,292.275,4.998
10.259,292.397,5.004
10.314,292.518,4.997
10.368,292.638,4.999
10.422,292.756,4.999
10.476,292.874,4.997
10.53,292.99,5.001
10.583,293.104,4.998
10.637,293.218,4.997
10.691,293.33,5.001
10.744,293.44,4.995
10.798,293.55,4.998
10.853,293.658,4.998
10.906,293.764,4.998
10.96,293.869,4.997
11.014,293.973,5.001
11.068,294.075,4.995
11.122,294.176,5.006
11.177,294.276,4.996
11.232,294.373,5.001
11.287,294.47,4.998
11.342,294.564,4.999
11.397,294.659,4.998
11.453,294.751,4.997
11.509,294.842,4.994
11.564,294.931,4.998
11.621,295.02,4.998
11.677,295.106,4.997
11.735,295.191,4.999
11.793,295.276,4.998
11.851,295.358,4.998
11.908,295.44,4.998
11.966,295.52,4.996
12.025,295.598,4.993
12.085,295.676,4.997
12.145,295.752,4.989
12.204,295.828,4.998
12.265,295.901,5.003
12.326,295.973,4.998
12.388,296.044,4.997
12.449,296.114,4.997
12.51,296.183,4.999
12.573,296.25,4.998
12.636,296.317,4.998
12.699,296.383,4.997
12.762,296.448,4.996
12.825,296.512,4.995
12.888,296.575,4.997
12.952,296.638,4.993
13.017,296.7,4.998
13.081,296.761,4.998
13.145,296.823,4.997
13.209,296.882,4.998
13.274,296.942,4.997
13.339,297.002,4.995
13.404,297.061,5.005
13.469,297.12,4.997
13.533,297.18,4.994
13.599,297.238,4.998
13.664,297.296,4.999
13.731,297.355,4.997
13.796,297.413,4.997
13.864,297.471,5.001
13.93,297.529,5
13.997,297.587,4.986
14.064,297.646,4.997
14.133,297.704,4.995
14.201,297.762,4.998
14.269,297.821,4.997
14.339,297.88,4.998
14.409,297.94,4.999
14.48,298,4.996
14.55,298.06,4.997
14.622,298.121,4.992
14.695,298.183,4.998
14.768,298.246,4.998
14.843,298.309,4.998
14.917,298.373,4.997
14.993,298.436,4.998
15.068,298.501,5.002
15.146,298.567,4.999
15.224,298.634,4.999
15.302,298.701,4.998
15.382,298.769,4.998
15.461,298.837,4.999
15.542,298.906,4.997
15.624,298.976,4.997
15.706,299.045,4.998
15.789,299.116,4.996
15.872,299.187,4.997
15.956,299.259,4.998
16.041,299.331,4.999
16.126,299.404,4.999
16.213,299.477,4.998
16.299,299.551,4.997
16.387,299.626,4.998
16.475,299.701,4.997
16.564,299.777,5.001
16.654,299.853,4.998
16.743,299.929,4.997
16.834,300.006,4.999
16.925,300.084,4.994
17.017,300.162,5.002
17.11,300.241,5
17.203,300.321,4.996
17.297,300.4,4.998
17.391,300.481,4.998
17.486,300.562,4.998
17.582,300.643,4.998
17.679,300.725,5.001
17.775,300.809,4.998
17.873,300.893,5.009
17.971,300.977,4.998
18.07,301.062,4.999
18.17,301.148,4.997
18.27,301.234,4.997
18.371,301.321,4.998
18.473,301.408,4.998
18.575,301.497,4.999
18.677,301.586,4.996
18.781,301.676,4.987
18.885,301.765,4.998
18.99,301.855,5.002
19.096,301.946,4.997
19.202,302.038,4.999
19.309,302.131,4.998
19.416,302.223,5
19.524,302.315,4.999
19.634,302.408,4.997
19.743,302.502,4.999
19.853,302.596,4.992
19.964,302.689,4.996
20.075,302.784,4.994
20.187,302.878,4.993
20.3,302.972,4.998
20.413,303.066,5.002
20.527,303.16,5.004
20.642,303.255,4.998
20.757,303.349,4.998
20.872,303.444,4.999
20.988,303.538,4.996
21.104,303.632,4.998
21.221,303.725,5.009
21.338,303.82,4.998
21.456,303.913,4.997
21.574,304.006,4.998
21.693,304.1,4.998
21.811,304.192,4.997
21.93,304.285,4.997
22.05,304.378,4.987
22.17,304.47,4.997
22.29,304.562,4.998
22.41,304.652,4.997
22.53,304.744,4.997
22.651,304.834,4.998
22.772,304.924,4.997
22.893,305.014,4.994
23.015,305.103,4.996
23.137,305.192,4.997
23.259,305.28,4.998
23.382,305.367,4.993
23.505,305.454,4.997
23.629,305.54,4.997
23.753,305.626,4.997
23.876,305.711,4.999
24.001,305.795,4.995
24.126,305.879,4.998
24.25,305.961,4.982
24.377,306.044,4.998
24.502,306.125,4.99
24.628,306.205,4.996
24.755,306.286,4.998
24.882,306.365,4.998
25.009,306.443,4.998
25.137,306.52,4.998
25.264,306.597,4.996
25.392,306.673,4.999
25.52,306.748,4.999
25.648,306.822,4.997
25.776,306.894,4.998
25.905,306.967,5.001
26.034,307.038,4.998
26.162,307.109,4.989
26.291,307.178,4.998
26.419,307.246,4.998
26.547,307.313,4.993
26.676,307.38,4.998
26.803,307.445,4.996
26.932,307.51,4.998
27.06,307.573,4.996
27.188,307.634,4.997
27.316,307.696,4.992
27.444,307.756,4.997
27.573,307.815,4.994
27.7,307.874,4.999
27.829,307.93,4.999
27.957,307.986,4.977
28.085,308.042,4.998
28.214,308.096,4.998
28.342,308.148,4.998
28.471,308.201,4.996
28.601,308.251,4.997
28.729,308.302,4.997
28.859,308.351,4.998
28.989,308.399,5
29.119,308.446,4.999
29.249,308.492,4.998
29.379,308.537,5
29.509,308.581,4.998
29.639,308.625,4.997
29.769,308.667,4.997
29.9,308.708,4.997
30.031,308.749,5.007
30.162,308.788,4.998
30.293,308.827,4.997
30.425,308.865,4.998
30.555,308.902,5.009
30.687,308.938,4.998
30.818,308.972,4.998
30.95,309.007,4.998
31.081,309.041,4.999
31.213,309.073,4.999
31.344,309.104,4.997
31.476,309.135,4.996
31.607,309.164,4.993
31.739,309.192,5.002
31.87,309.22,4.997
32.002,309.246,4.995
32.133,309.271,4.998
32.264,309.294,4.993
32.395,309.316,4.996
32.527,309.337,4.998
32.658,309.357,4.997
32.79,309.375,4.997
32.921,309.392,5.005
33.052,309.407,4.998
33.184,309.421,4.994
33.315,309.434,4.997
33.447,309.445,4.992
33.578,309.455,4.994
33.71,309.463,4.997
33.841,309.471,4.998
33.972,309.476,4.997
34.103,309.479,5.016
34.233,309.482,4.998
34.364,309.482,4.998
34.495,309.482,4.997
34.626,309.479,4.997
34.756,309.475,4.997
34.885,309.47,4.998
35.015,309.464,5.004
35.144,309.455,4.999
35.273,309.446,4.994
35.402,309.435,4.998
35.529,309.422,4.992
35.657,309.408,4.997
35.784,309.392,4.997
35.912,309.375,4.997
36.039,309.357,4.993
36.165,309.337,5.002
36.292,309.316,4.997
36.417,309.293,5.004
36.543,309.269,5.001
36.669,309.244,4.996
36.794,309.218,4.998
36.918,309.19,4.999
37.044,309.161,4.998
37.168,309.131,4.99
37.293,309.098,4.996
37.418,309.066,4.998
37.543,309.031,4.996
37.667,308.996,4.999
37.792,308.959,4.996
37.918,308.92,4.997
38.043,308.88,4.998
38.168,308.84,4.997
38.294,308.797,4.995
38.419,308.753,4.998
38.545,308.708,4.996
38.67,308.661,4.996
38.797,308.613,5.001
38.923,308.564,5.005
39.05,308.513,4.998
39.175,308.461,4.993
39.302,308.406,4.998
39.428,308.351,4.998
39.556,308.294,4.997
39.682,308.236,4.997
39.808,308.176,4.996
39.934,308.115,4.999
40.06,308.053,4.999
40.185,307.988,4.998
40.311,307.923,4.997
40.436,307.856,4.997
40.562,307.788,4.993
40.687,307.718,4.997
40.812,307.648,4.999
40.937,307.575,4.998
41.06,307.502,4.997
41.185,307.427,5.001
41.308,307.352,4.994
41.432,307.274,4.999
41.555,307.196,4.995
41.677,307.117,4.996
41.8,307.036,4.998
41.922,306.955,4.999
42.043,306.872,4.994
42.164,306.789,4.999
42.286,306.704,4.996
42.406,306.618,4.999
42.527,306.531,4.993
42.647,306.444,4.997
42.767,306.356,4.993
42.887,306.266,4.997
43.006,306.176,4.993
43.126,306.085,4.995
43.246,305.994,4.997
43.364,305.902,4.998
43.484,305.808,4.996
43.602,305.715,5.002
43.721,305.62,4.998
43.839,305.525,5.003
43.958,305.429,4.997
44.075,305.332,5.006
44.193,305.235,4.998
44.311,305.137,4.996
44.429,305.038,4.999
44.546,304.938,4.998
44.663,304.838,4.997
44.781,304.737,4.997
44.897,304.635,4.998
45.014,304.534,4.999
45.131,304.43,4.998
45.247,304.327,4.998
45.363,304.222,4.998
45.48,304.117,5
45.596,304.011,4.996
45.713,303.904,5
45.83,303.797,4.996
45.946,303.689,4.989
46.063,303.58,4.998
46.18,303.471,4.997
46.297,303.36,4.997
46.414,303.249,4.993
46.532,303.137,4.996
46.649,303.025,5.005
46.766,302.912,5.003
46.884,302.797,5.001
47.002,302.683,4.999
47.12,302.568,4.997
47.238,302.452,4.998
47.355,302.335,4.998
47.473,302.217,5.001
47.592,302.1,4.999
47.71,301.981,4.997
47.827,301.862,4.996
47.945,301.742,4.999
48.062,301.62,4.998
48.179,301.5,4.998
48.296,301.378,4.995
48.414,301.255,4.997
48.53,301.132,5.001
48.648,301.009,4.998
48.764,300.884,4.997
48.879,300.759,4.995
48.996,300.634,4.989
49.112,300.508,4.991
49.228,300.381,4.998
49.344,300.254,4.998
49.46,300.126,4.997
49.575,299.998,4.99
49.69,299.869,4.997
49.806,299.74,4.997
49.921,299.611,4.997
50.036,299.48,4.998
50.151,299.349,5.015
50.267,299.218,4.997
50.381,299.086,4.99
50.496,298.953,4.998
50.611,298.82,4.997
50.726,298.686,4.997
50.84,298.551,4.998
50.955,298.416,5.002
51.068,298.28,4.999
51.183,298.144,4.988
51.297,298.007,4.997
51.411,297.868,5.001
51.525,297.729,4.998
51.638,297.59,4.997
51.752,297.45,4.998
51.865,297.309,4.997
51.978,297.167,5.001
52.091,297.024,4.996
52.203,296.88,4.99
52.316,296.735,4.997
52.428,296.59,4.987
52.541,296.443,4.999
52.652,296.295,4.999
52.764,296.146,4.998
52.875,295.997,4.997
52.986,295.846,4.989
53.096,295.694,4.997
53.206,295.54,4.991
53.317,295.386,4.996
53.427,295.23,4.998
53.536,295.074,4.998
53.646,294.916,4.999
53.755,294.756,4.998
53.864,294.596,4.993
53.972,294.435,4.998
54.081,294.272,4.998
54.188,294.109,4.995
54.296,293.944,4.998
54.403,293.778,4.996
54.51,293.611,4.998
54.616,293.443,4.995
54.723,293.273,4.997
54.829,293.103,4.996
54.935,292.931,4.998
55.039,292.758,4.998
55.145,292.583,5.001
55.249,292.408,4.997
55.353,292.231,5.004
55.456,292.052,4.997
55.56,291.872,4.996
55.663,291.691,4.998
55.765,291.508,4.998
55.867,291.323,4.998
55.969,291.137,4.997
56.07,290.948,4.994
56.171,290.759,4.993
56.271,290.567,4.992
56.371,290.373,4.997
56.471,290.177,4.995
56.57,289.98,4.999
56.668,289.781,4.998
56.767,289.581,4.998
56.865,289.378,4.996
56.962,289.173,4.998
57.059,288.967,4.997
57.157,288.76,5.005
57.252,288.551,5.002
57.349,288.339,4.999
57.445,288.127,4.998
57.54,287.912,5
57.635,287.697,4.997
57.73,287.479,4.997
57.825,287.26,4.994
57.919,287.039,4.997
58.013,286.817,4.996
58.107,286.594,4.997
58.2,286.368,4.998
58.293,286.141,4.998
58.386,285.913,4.998
58.478,285.683,4.996
58.57,285.452,4.996
58.662,285.219,4.997
58.753,284.985,4.997
58.845,284.748,4.997
58.935,284.51,4.998
59.026,284.271,4.998
59.116,284.03,5.001
59.205,283.787,4.996
59.295,283.543,4.996
59.384,283.297,4.996
59.473,283.049,4.998
59.561,282.799,4.995
59.649,282.548,5
59.737,282.294,4.998
59.824,282.04,4.998
59.911,281.784,5
59.996,281.525,4.998
60.082,281.265,4.997
60.168,281.003,4.999
60.253,280.74,4.998
60.337,280.474,5
60.422,280.208,4.999
60.505,279.94,4.998
60.588,279.67,5
60.671,279.398,4.999
60.754,279.125,4.998
60.836,278.85,4.996
60.917,278.573,4.996
60.998,278.295,4.998
61.08,278.015,5.001
61.16,277.734,5.004
61.239,277.45,4.997
61.319,277.165,5.003
61.398,276.88,5.002
61.477,276.591,4.991
61.555,276.301,4.998
61.633,276.01,4.997
61.711,275.716,4.997
61.787,275.42,5
61.863,275.123,5.002
61.939,274.824,4.997
62.014,274.523,4.998
62.089,274.22,4.99
62.164,273.915,4.998
62.239,273.609,4.998
62.313,273.3,4.998
62.386,272.989,4.997
62.459,272.677,5.003
62.533,272.363,4.996
62.605,272.046,4.997
62.677,271.729,4.996
62.748,271.409,4.997
62.821,271.089,5.003
62.892,270.767,4.997
62.962,270.443,4.993
63.033,270.117,4.996
63.103,269.79,4.999
63.173,269.462,4.997
63.243,269.133,4.998
63.312,268.802,4.994
63.381,268.47,4.994
63.45,268.137,4.998
63.518,267.804,4.998
63.587,267.468,5.007
63.654,267.132,4.997
63.722,266.795,4.998
63.789,266.457,4.998
63.857,266.118,4.999
63.923,265.778,4.999
63.99,265.437,5.007
64.056,265.095,4.997
64.123,264.751,4.995
64.188,264.407,4.99
64.253,264.062,4.998
64.318,263.715,4.998
64.382,263.367,4.997
64.446,263.019,4.997
64.51,262.669,5.001
64.572,262.318,4.996
64.634,261.966,4.994
64.696,261.612,4.996
64.757,261.258,4.998
64.818,260.902,4.998
64.877,260.545,4.997
64.938,260.186,4.998
64.997,259.827,5.004
65.056,259.466,4.998
65.115,259.104,4.999
65.173,258.741,4.998
65.231,258.377,4.998
65.29,258.012,4.998
65.347,257.646,4.997
65.406,257.279,5.001
65.463,256.912,4.997
65.522,256.542,4.999
65.579,256.172,4.998
65.637,255.802,4.998
65.694,255.431,5
65.752,255.059,4.993
65.809,254.685,4.996
65.866,254.312,4.997
65.923,253.938,4.988
65.979,253.563,4.998
66.035,253.188,4.997
66.091,252.811,4.997
66.148,252.434,4.997
66.203,252.058,4.998
66.258,251.681,5
66.313,251.303,4.99
66.368,250.925,4.998
66.423,250.547,4.999
66.477,250.169,4.998
66.532,249.791,4.999
66.586,249.412,4.997
66.64,249.033,4.998
66.694,248.655,4.997
66.748,248.276,4.996
66.801,247.898,4.995
66.854,247.519,5.001
66.907,247.141,4.998
66.959,246.762,4.997
67.012,246.384,4.997
67.064,246.007,4.998
67.116,245.63,4.999
67.167,245.253,5.001
67.218,244.876,4.996
67.269,244.499,4.998
67.32,244.123,4.997
67.37,243.746,4.999
67.42,243.372,4.997
67.469,242.997,4.998
67.519,242.622,4.997
67.568,242.249,5.002
67.616,241.875,5.002
67.665,241.503,4.997
67.712,241.131,4.998
67.761,240.759,4.999
67.809,240.389,4.993
67.856,240.02,4.998
67.903,239.65,4.999
67.951,239.281,4.997
67.998,238.914,4.997
68.045,238.547,4.997
68.092,238.182,4.998
68.139,237.816,4.998
68.185,237.452,4.995
68.232,237.089,5.001
68.279,236.728,4.997
68.326,236.367,4.994
68.373,236.007,4.998
68.42,235.649,4.998
68.466,235.292,4.995
68.514,234.936,4.997
68.561,234.582,4.997
68.608,234.23,4.996
68.655,233.879,5
68.702,233.529,4.998
68.75,233.182,4.998
68.798,232.836,4.995
68.844,232.491,4.998
68.891,232.148,4.997
68.938,231.807,4.995
68.984,231.469,4.998
69.03,231.131,4.995
69.076,230.796,5.014
69.121,230.462,4.995
69.166,230.13,4.998
69.211,229.8,4.998
69.255,229.471,4.998
69.298,229.144,4.995
69.34,228.82,4.995
69.383,228.496,4.997
69.425,228.175,4.997
69.467,227.854,4.994
69.507,227.535,4.999
69.548,227.218,4.999
69.587,226.902,4.999
69.627,226.588,4.998
69.666,226.275,4.997
69.705,225.964,5.001
69.744,225.654,4.996
69.783,225.345,4.998
69.821,225.038,5.004
69.859,224.732,4.994
69.898,224.428,4.992
69.936,224.126,4.997
69.973,223.824,4.991
70.012,223.525,4.997
70.049,223.228,4.999
70.086,222.932,4.999
70.124,222.638,4.998
70.16,222.346,4.993
70.198,222.057,4.994
70.234,221.769,5.006
70.271,221.483,4.999
70.307,221.199,5.002
70.343,220.918,4.997
70.377,220.638,4.998
70.412,220.36,4.997
70.446,220.085,4.998
70.48,219.811,4.999
70.513,219.538,4.996
70.545,219.269,5.001
70.577,219.001,4.995
70.607,218.734,4.998
70.637,218.469,4.997
70.667,218.206,4.997
70.695,217.944,4.998
70.722,217.683,4.997
70.748,217.423,4.997
70.774,217.164,4.999
70.799,216.906,4.996
70.822,216.649,4.998
70.846,216.392,4.997
70.867,216.135,4.998
70.888,215.88,4.997
70.908,215.624,4.997
70.928,215.369,5.001
70.946,215.114,4.998
70.963,214.859,4.998
70.98,214.604,5.001
70.996,214.348,4.998
71.01,214.092,4.998
71.023,213.837,4.997
71.036,213.581,4.996
71.048,213.325,4.997
71.059,213.069,4.998
71.069,212.812,4.999
71.078,212.555,4.998
71.086,212.299,4.997
71.093,212.042,4.996
71.099,211.784,4.997
71.104,211.526,4.998
71.107,211.269,4.99
71.11,211.012,4.997
71.112,210.755,4.999
71.112,210.498,4.999
71.112,210.242,4.993
71.109,209.985,4.997
71.106,209.728,4.998
71.103,209.471,4.993
71.097,209.214,4.999
71.092,208.957,4.999
71.083,208.701,4.998
71.075,208.444,4.998
71.066,208.187,4.999
71.055,207.931,4.997
71.043,207.673,4.998
71.031,207.415,4.996
71.018,207.158,4.99
71.003,206.9,5.003
70.989,206.64,4.998
70.974,206.382,4.999
70.957,206.122,4.998
70.94,205.861,4.998
70.922,205.601,4.998
70.903,205.339,4.997
70.884,205.077,4.996
70.865,204.815,4.992
70.844,204.552,4.995
70.823,204.288,4.997
70.802,204.024,4.998
70.779,203.759,4.997
70.755,203.495,4.997
70.732,203.229,5.002
70.708,202.964,4.999
70.682,202.699,4.996
70.657,202.433,4.989
70.631,202.169,4.998
70.605,201.903,4.998
70.578,201.638,4.997
70.552,201.374,4.992
70.525,201.11,4.996
70.498,200.847,4.992
70.47,200.584,4.999
70.443,200.322,4.998
70.416,200.06,4.999
70.389,199.8,4.998
70.361,199.541,4.998
70.335,199.283,4.998
70.308,199.025,4.996
70.281,198.769,4.998
70.253,198.514,4.999
70.227,198.262,4.999
70.2,198.01,4.997
70.172,197.76,4.999
70.145,197.511,5.001
70.117,197.263,4.999
70.09,197.017,4.998
70.062,196.773,4.995
70.034,196.529,4.997
70.007,196.287,4.998
69.979,196.046,5
69.951,195.807,4.998
69.924,195.568,4.996
69.896,195.331,5
69.868,195.095,5.002
69.842,194.859,4.997
69.816,194.625,4.999
69.789,194.392,4.998
69.764,194.16,4.997
69.738,193.929,4.997
69.713,193.698,4.995
69.688,193.469,4.998
69.665,193.241,4.997
69.642,193.014,4.989
69.619,192.789,4.997
69.597,192.566,4.998
69.576,192.343,4.998
69.555,192.123,4.993
69.535,191.905,4.996
69.515,191.688,5.008
69.497,191.474,4.996
69.478,191.263,4.996
69.46,191.052,4.999
69.444,190.846,4.996
69.428,190.641,5.001
69.413,190.439,4.997
69.399,190.239,4.997
69.385,190.041,4.998
69.371,189.846,4.993
69.358,189.653,4.997
69.347,189.462,4.995
69.334,189.274,4.998
69.323,189.088,4.999
69.313,188.905,4.994
69.302,188.723,4.999
69.291,188.544,4.987
69.281,188.367,5.001
69.271,188.192,4.996
69.261,188.021,4.999
69.253,187.85,4.997
69.244,187.682,4.998
69.235,187.517,4.997
69.227,187.353,4.999
69.219,187.191,4.999
69.212,187.031,5.001
69.205,186.873,4.999
69.199,186.717,4.996
69.193,186.562,4.997
69.189,186.409,4.996
69.184,186.258,4.996
69.18,186.108,5.002
69.176,185.959,4.982
69.174,185.812,4.998
69.171,185.667,4.996
69.169,185.523,4.996
69.167,185.382,4.998
69.165,185.241,4.999
69.164,185.102,5.003
69.163,184.965,4.998
69.161,184.829,4.997
69.16,184.696,5.004
69.159,184.563,4.998
69.156,184.433,5
69.154,184.303,4.997
69.152,184.175,4.999
69.151,184.049,4.998
69.148,183.925,4.991
69.145,183.802,4.997
69.143,183.681,4.997
69.14,183.56,5.004
69.138,183.441,4.999
69.135,183.324,4.999
69.132,183.208,4.998
69.129,183.093,5.003
69.126,182.979,4.996
69.123,182.866,5
69.119,182.754,4.999
69.116,182.643,4.997
69.112,182.533,4.997
69.108,182.423,4.993
69.104,182.314,4.999
69.099,182.206,4.997
69.095,182.097,4.993
69.09,181.99,4.998
69.085,181.883,4.999
69.078,181.775,4.998
69.072,181.669,4.998
69.065,181.563,4.996
69.056,181.457,4.995
69.048,181.351,5.001
69.038,181.245,4.998
69.026,181.14,4.998
69.015,181.034,4.998
69.002,180.929,4.997
68.988,180.824,4.999
68.972,180.719,4.998
68.956,180.614,4.998
68.938,180.508,4.999
68.92,180.403,4.993
68.9,180.298,4.999
68.879,180.192,4.997
68.858,180.087,4.998
68.836,179.981,4.997
68.813,179.875,4.997
68.789,179.77,4.997
68.763,179.664,4.997
68.738,179.558,4.999
68.712,179.451,4.998
68.685,179.345,4.997
68.658,179.238,4.998
68.63,179.132,4.996
68.601,179.026,4.996
68.57,178.919,4.998
68.539,178.812,4.999
68.508,178.706,4.998
68.474,178.6,4.998
68.44,178.492,5.003
68.405,178.385,4.999
68.368,178.278,4.995
68.329,178.17,4.998
68.29,178.061,4.984
68.248,177.952,4.997
68.205,177.841,4.996
68.161,177.73,5
68.114,177.617,4.998
68.067,177.503,4.995
68.018,177.387,4.998
67.966,177.271,5.005
67.914,177.152,4.998
67.861,177.031,4.999
67.805,176.91,4.998
67.748,176.785,4.997
67.69,176.659,4.996
67.631,176.531,4.998
67.57,176.401,4.999
67.507,176.269,4.998
67.444,176.135,4.994
67.379,175.998,4.998
67.312,175.859,5
67.245,175.719,4.998
67.176,175.576,4.998
67.105,175.432,4.997
67.033,175.284,5
66.96,175.136,4.998
66.884,174.985,4.999
66.808,174.833,4.997
66.73,174.679,4.997
66.649,174.523,4.997
66.567,174.365,4.998
66.482,174.205,4.999
66.396,174.043,4.998
66.307,173.879,4.995
66.216,173.712,5.001
66.121,173.544,4.998
66.025,173.373,5.003
65.926,173.2,4.999
65.824,173.025,4.998
65.72,172.847,4.998
65.613,172.667,5.001
65.504,172.485,4.997
65.393,172.299,4.997
65.278,172.112,4.996
65.162,171.922,4.998
65.043,171.729,4.994
64.922,171.533,4.999
64.798,171.335,4.992
64.673,171.133,4.999
64.545,170.93,4.989
64.416,170.723,4.998
64.285,170.513,5
64.151,170.3,4.998
64.015,170.085,4.997
63.878,169.867,4.995
63.739,169.645,5.005
63.599,169.421,4.998
63.456,169.193,4.997
63.311,168.963,4.996
63.164,168.73,4.998
63.015,168.494,4.998
62.865,168.255,4.997
62.712,168.011,4.998
62.557,167.766,4.997
62.401,167.517,4.998
62.242,167.266,5.003
62.081,167.011,4.997
61.918,166.754,4.996
61.752,166.493,4.995
61.586,166.228,4.997
61.416,165.961,4.996
61.244,165.691,4.997
61.07,165.418,4.995
60.894,165.143,4.999
60.715,164.864,5.002
60.535,164.583,4.999
60.353,164.299,4.997
60.168,164.012,4.997
59.982,163.722,4.997
59.792,163.43,4.998
59.601,163.136,4.999
59.409,162.839,4.997
59.213,162.539,4.997
59.016,162.235,4.999
58.817,161.93,4.996
58.617,161.621,4.995
58.413,161.309,4.997
58.209,160.995,5.005
58.001,160.677,4.995
57.792,160.356,4.998
57.581,160.033,4.999
57.368,159.706,4.997
57.153,159.375,5.001
56.936,159.042,4.993
56.716,158.705,4.996
56.495,158.365,4.998
56.272,158.022,4.979
56.046,157.676,4.998
55.817,157.325,4.998
55.588,156.973,4.998
55.354,156.617,4.997
55.12,156.258,4.998
54.883,155.896,5.009
54.644,155.53,4.992
54.402,155.162,4.998
54.159,154.79,4.995
53.913,154.415,4.997
53.666,154.037,4.997
53.416,153.656,4.997
53.165,153.271,4.998
52.911,152.883,4.994
52.656,152.492,4.995
52.398,152.097,4.995
52.139,151.7,4.998
51.879,151.3,4.997
51.616,150.896,4.999
51.352,150.489,4.997
51.086,150.078,4.997
50.819,149.665,4.998
50.549,149.248,4.99
50.278,148.829,4.998
50.005,148.405,4.999
49.73,147.978,4.994
49.453,147.549,4.998
49.174,147.116,4.999
48.893,146.68,4.992
48.609,146.241,4.997
48.324,145.798,4.999
48.037,145.352,4.995
47.748,144.904,4.998
47.456,144.451,4.997
47.163,143.996,4.994
46.867,143.536,5.001
46.569,143.075,4.996
46.269,142.61,5.006
45.967,142.142,4.997
45.664,141.67,4.997
45.358,141.196,4.996
45.05,140.719,4.998
44.741,140.238,4.998
44.429,139.755,5
44.116,139.268,5.004
43.801,138.779,4.998
43.483,138.286,5.001
43.164,137.79,4.998
42.844,137.292,4.998
42.522,136.79,4.997
42.197,136.286,4.998
41.871,135.778,5
41.543,135.268,4.998
41.214,134.755,5.004
40.882,134.239,4.997
40.549,133.719,5.001
40.216,133.198,4.997
39.88,132.673,4.998
39.543,132.146,4.998
39.204,131.615,4.998
38.864,131.083,4.995
38.524,130.546,4.996
38.181,130.008,4.993
37.837,129.467,4.997
37.492,128.922,4.998
37.145,128.375,4.998
36.798,127.826,4.998
36.448,127.272,4.998
36.099,126.717,4.999
35.747,126.159,4.998
35.395,125.598,4.996
35.042,125.035,4.999
34.687,124.47,4.994
34.331,123.901,4.998
33.975,123.331,4.997
33.617,122.759,5
33.259,122.184,4.997
32.9,121.607,4.998
32.54,121.028,4.997
32.179,120.448,4.998
31.817,119.866,4.997
31.455,119.282,4.996
31.093,118.697,4.997
30.73,118.11,4.997
30.368,117.522,4.994
30.004,116.933,4.998
29.641,116.342,4.998
29.278,115.751,4.998
28.915,115.159,4.998
28.551,114.565,4.997
28.189,113.971,5
27.827,113.377,4.996
27.466,112.782,4.995
27.104,112.186,4.993
26.745,111.59,4.997
26.386,110.993,4.998
26.027,110.397,4.998
25.671,109.8,4.998
25.315,109.205,4.995
24.96,108.609,4.998
24.607,108.013,5.003
24.256,107.419,4.998
23.905,106.825,4.997
23.556,106.231,4.998
23.209,105.638,4.998
22.863,105.047,4.998
22.519,104.456,4.997
22.176,103.867,4.998
21.836,103.279,4.997
21.496,102.692,4.993
21.16,102.107,4.994
20.825,101.523,4.998
20.491,100.94,4.998
20.161,100.36,4.998
19.832,99.781,4.997
19.505,99.205,4.998
19.181,98.63,4.998
18.859,98.058,4.997
18.539,97.488,4.997
18.221,96.92,4.998
17.905,96.354,4.998
17.592,95.791,4.998
17.281,95.23,5.026
16.973,94.672,4.997
16.667,94.116,4.994
16.364,93.564,4.997
16.064,93.014,4.998
15.766,92.467,4.997
15.471,91.923,5.002
15.178,91.383,4.994
14.889,90.846,4.997
14.602,90.311,4.993
14.319,89.781,4.998
14.038,89.253,4.999
13.761,88.73,4.997
13.486,88.21,4.998
13.215,87.694,4.994
12.946,87.181,5.006
12.681,86.673,4.991
12.418,86.169,4.997
12.159,85.668,4.999
11.902,85.172,4.998
11.65,84.68,4.998
11.4,84.192,4.997
11.153,83.708,4.997
10.909,83.229,4.993
10.667,82.754,4.996
10.429,82.284,4.991
10.195,81.818,4.998
9.963,81.356,4.999
9.734,80.899,4.997
9.509,80.447,4.998
9.285,80,4.997
9.066,79.557,4.996
8.849,79.119,5
8.635,78.686,4.997
8.425,78.257,4.996
8.218,77.833,4.999
8.013,77.414,5
7.811,77.001,4.997
7.613,76.592,4.997
7.418,76.188,5.007
7.226,75.789,4.998
7.037,75.396,4.996
6.851,75.007,4.999
6.669,74.625,4.997
6.489,74.247,4.992
6.314,73.874,4.996
6.141,73.507,4.998
5.972,73.145,4.991
5.806,72.79,4.997
5.643,72.439,4.997
5.484,72.094,4.997
5.329,71.754,4.997
5.176,71.421,4.997
5.028,71.093,5.003
4.882,70.77,4.996
4.739,70.454,4.998
4.6,70.143,4.987
4.465,69.838,4.997
4.333,69.538,4.998
4.203,69.244,4.998
4.078,68.956,4.996
3.954,68.674,4.999
3.835,68.398,4.999
3.718,68.127,4.993
3.605,67.863,4.998
3.495,67.604,4.994
3.387,67.352,4.998
3.282,67.105,4.997
3.181,66.864,4.999
3.082,66.628,4.999
2.986,66.399,5
2.893,66.175,4.999
2.803,65.957,4.998
2.716,65.744,4.998
2.631,65.539,4.997
2.549,65.337,4.997
2.47,65.142,4.998
2.393,64.953,4.997
2.319,64.769,4.998
2.247,64.59,4.999
2.178,64.417,4.997
2.111,64.249,5.004
2.048,64.087,4.99
1.985,63.93,4.998
1.927,63.777,4.997
1.87,63.631,4.997
1.816,63.49,4.997
1.764,63.354,4.995
1.714,63.223,4.997
1.666,63.097,4.998
1.621,62.977,4.996
1.578,62.861,5.006
1.537,62.751,4.998
1.498,62.645,4.998
1.461,62.544,4.98
1.426,62.448,4.997
1.393,62.357,4.998
1.362,62.27,4.996
1.332,62.187,4.997
1.304,62.11,4.999
1.279,62.036,5.004
1.254,61.967,4.995
1.231,61.902,4.997
1.209,61.841,5.003
1.19,61.784,4.997
1.171,61.732,4.996
1.154,61.683,4.999
1.138,61.638,4.998
1.122,61.596,4.997
1.109,61.558,5.001
1.096,61.523,4.998
1.085,61.491,4.997
1.075,61.462,5
1.065,61.437,4.998
1.056,61.414,4.998
1.049,61.394,4.997
1.043,61.376,4.998
1.037,61.361,5.002
1.032,61.348,4.998
1.027,61.337,4.998
1.024,61.328,4.996
1.02,61.321,5
1.019,61.315,4.997
1.017,61.311,4.998
1.015,61.307,4.997
1.015,61.306,4.997
1.014,61.305,4.998
1.014,61.304,4.997
1.014,61.304,4.998
1.014,61.304,4.998
